perbin_chr10_0.5_lps_AFR_snp_wise.acc_mean_r2.txt	0.7180496169237033	0.9054172821063691	0.9599076751133573	0.9360510113457404
perbin_chr10_0.5_lps_AMR_snp_wise.acc_mean_r2.txt	0.8058076398400894	0.8932328928071277	0.9680484538406412	0.9400143341760291
perbin_chr10_0.5_lps_EAS_snp_wise.acc_mean_r2.txt	0.5100272259720855	0.7911700073639963	0.952935536647823	0.9077342853530587
perbin_chr10_0.5_lps_EUR_snp_wise.acc_mean_r2.txt	0.6631591561213154	0.852776618803357	0.9661985880611462	0.9323849868802326
perbin_chr10_0.5_lps_SAS_snp_wise.acc_mean_r2.txt	0.5769102552601895	0.8422812602027728	0.9601720498956076	0.9213348056359761
perbin_chr10_0.75_lps_AFR_snp_wise.acc_mean_r2.txt	0.7415238417072372	0.9181370069253558	0.9679079789434897	0.9461175443494172
perbin_chr10_0.75_lps_AMR_snp_wise.acc_mean_r2.txt	0.8261453002218829	0.906711239105335	0.9744485165777513	0.9490666987288399
perbin_chr10_0.75_lps_EAS_snp_wise.acc_mean_r2.txt	0.5454773973202386	0.8189398617367162	0.962940724347546	0.9227033560630179
perbin_chr10_0.75_lps_EUR_snp_wise.acc_mean_r2.txt	0.6906209356193757	0.8711570528610161	0.9729044196432323	0.9425712760371426
perbin_chr10_0.75_lps_SAS_snp_wise.acc_mean_r2.txt	0.613237957532166	0.8629839008533208	0.9685485658199962	0.9337719671630602
perbin_chr10_1.0_lps_AFR_snp_wise.acc_mean_r2.txt	0.7601210560669488	0.926989480416839	0.9730043097847773	0.9528583675007058
perbin_chr10_1.0_lps_AMR_snp_wise.acc_mean_r2.txt	0.8400519908233975	0.9154302129391789	0.9782105102924691	0.9546861211912006
perbin_chr10_1.0_lps_EAS_snp_wise.acc_mean_r2.txt	0.5743305288589993	0.8387368962458255	0.9689570387531755	0.9325703412214211
perbin_chr10_1.0_lps_EUR_snp_wise.acc_mean_r2.txt	0.7133222253190276	0.8852521954211575	0.9772685825123094	0.9498364594803322
perbin_chr10_1.0_lps_SAS_snp_wise.acc_mean_r2.txt	0.6422163289335469	0.8782202798401288	0.9736539436477875	0.9422148420729608
perbin_chr10_1.25_lps_AFR_snp_wise.acc_mean_r2.txt	0.7730774302089927	0.9325371304350406	0.9759667348818739	0.9569526405860991
perbin_chr10_1.25_lps_AMR_snp_wise.acc_mean_r2.txt	0.8512361196389959	0.921643270340784	0.9806585115736796	0.9585449256845375
perbin_chr10_1.25_lps_EAS_snp_wise.acc_mean_r2.txt	0.5970374848364902	0.8527487896622302	0.9728327309510348	0.9392783363238741
perbin_chr10_1.25_lps_EUR_snp_wise.acc_mean_r2.txt	0.7300592149501823	0.8941258866916352	0.9796844095723871	0.9541775188945993
perbin_chr10_1.25_lps_SAS_snp_wise.acc_mean_r2.txt	0.6647606550661508	0.8876727153519837	0.9768502102661774	0.9474721039572065
perbin_chr10_1.5_lps_AFR_snp_wise.acc_mean_r2.txt	0.7829845117839771	0.9364142595099202	0.9779294327247267	0.9597535034648117
perbin_chr10_1.5_lps_AMR_snp_wise.acc_mean_r2.txt	0.8586914976258968	0.9257603117322692	0.9822511603451636	0.9610834889664785
perbin_chr10_1.5_lps_EAS_snp_wise.acc_mean_r2.txt	0.6148523302543606	0.8635740071387261	0.9754256945469532	0.944171593301366
perbin_chr10_1.5_lps_EUR_snp_wise.acc_mean_r2.txt	0.7433163734009128	0.9011397513548004	0.981497244209445	0.9575408957783096
perbin_chr10_1.5_lps_SAS_snp_wise.acc_mean_r2.txt	0.6826245814337587	0.895831581998198	0.9789747751765764	0.9515845735297155
perbin_chr10_2.0_lps_AFR_snp_wise.acc_mean_r2.txt	0.7995422574463812	0.9419809647871064	0.9806488986074635	0.963719530973385
perbin_chr10_2.0_lps_AMR_snp_wise.acc_mean_r2.txt	0.8714602626750496	0.9319253075396836	0.9843922701967408	0.964732388091362
perbin_chr10_2.0_lps_EAS_snp_wise.acc_mean_r2.txt	0.6443174176009766	0.8786213718457822	0.9789000813189866	0.9508797535861232
perbin_chr10_2.0_lps_EUR_snp_wise.acc_mean_r2.txt	0.7640592050679044	0.9100640072405675	0.9837700223716362	0.9617966267712488
perbin_chr10_2.0_lps_SAS_snp_wise.acc_mean_r2.txt	0.7099477017991109	0.9064530985415679	0.9817090657911599	0.9569171851897792
perbin_chr11_0.5_lps_AFR_snp_wise.acc_mean_r2.txt	0.7421314873980803	0.9192730769148936	0.9632149301302828	0.9440638985211947
perbin_chr11_0.5_lps_AMR_snp_wise.acc_mean_r2.txt	0.8306406158907588	0.9083249040501521	0.9708729773430724	0.9474867818708405
perbin_chr11_0.5_lps_EAS_snp_wise.acc_mean_r2.txt	0.5561435971037637	0.80299831442038	0.9563018859738112	0.9168713935554214
perbin_chr11_0.5_lps_EUR_snp_wise.acc_mean_r2.txt	0.6758079178483257	0.8702492036137446	0.969090590319082	0.9400127982918932
perbin_chr11_0.5_lps_SAS_snp_wise.acc_mean_r2.txt	0.6011487234683146	0.8536755201377793	0.9632521882858252	0.9278342413707104
perbin_chr11_0.75_lps_AFR_snp_wise.acc_mean_r2.txt	0.7646139083520085	0.9312185507814307	0.970616833769281	0.9534460112473971
perbin_chr11_0.75_lps_AMR_snp_wise.acc_mean_r2.txt	0.8501104351268527	0.9205554904500591	0.9768580276867436	0.9558069853111704
perbin_chr11_0.75_lps_EAS_snp_wise.acc_mean_r2.txt	0.5905027169514361	0.8311988754251564	0.9653561120316537	0.9308501586002889
perbin_chr11_0.75_lps_EUR_snp_wise.acc_mean_r2.txt	0.7042491473995313	0.8883335738749816	0.9754892792422962	0.949849255775114
perbin_chr11_0.75_lps_SAS_snp_wise.acc_mean_r2.txt	0.6389348170591389	0.8753890494645192	0.9712981430943	0.9402979014893362
perbin_chr11_1.0_lps_AFR_snp_wise.acc_mean_r2.txt	0.7829535523959559	0.9392921697552735	0.9754040278155812	0.9596655169297078
perbin_chr11_1.0_lps_AMR_snp_wise.acc_mean_r2.txt	0.8629875334787378	0.9291969439357982	0.9804801727667142	0.9613058073426912
perbin_chr11_1.0_lps_EAS_snp_wise.acc_mean_r2.txt	0.619765919655734	0.8526358389121406	0.9713040248209655	0.9407819374529542
perbin_chr11_1.0_lps_EUR_snp_wise.acc_mean_r2.txt	0.7284950202386222	0.9019812435338097	0.9796030021919501	0.9567677362139975
perbin_chr11_1.0_lps_SAS_snp_wise.acc_mean_r2.txt	0.6673094913673914	0.8901803000373665	0.976200036490445	0.948396284917792
perbin_chr11_1.25_lps_AFR_snp_wise.acc_mean_r2.txt	0.7953562530710584	0.9444506938443046	0.9780976128132065	0.9634333881260189
perbin_chr11_1.25_lps_AMR_snp_wise.acc_mean_r2.txt	0.8731944915920048	0.9350638465129811	0.9827956742335776	0.9649491476412532
perbin_chr11_1.25_lps_EAS_snp_wise.acc_mean_r2.txt	0.642525747246228	0.8675317125962594	0.9748363040038129	0.94723699346538
perbin_chr11_1.25_lps_EUR_snp_wise.acc_mean_r2.txt	0.7445828419229107	0.9109674257675723	0.9819169621036271	0.9610445732109504
perbin_chr11_1.25_lps_SAS_snp_wise.acc_mean_r2.txt	0.6909304600229249	0.9004662107646704	0.9792114086945073	0.9537589717183163
perbin_chr11_1.5_lps_AFR_snp_wise.acc_mean_r2.txt	0.8053991977943589	0.9478642904746615	0.9798835117785271	0.9659286811462595
perbin_chr11_1.5_lps_AMR_snp_wise.acc_mean_r2.txt	0.8806622408876293	0.939031557250803	0.9842264800336166	0.9673284807363154
perbin_chr11_1.5_lps_EAS_snp_wise.acc_mean_r2.txt	0.659258873701851	0.8780243995535727	0.9772363226001217	0.9517184893242191
perbin_chr11_1.5_lps_EUR_snp_wise.acc_mean_r2.txt	0.7587169387417695	0.917409575114063	0.9836079485011421	0.9641332871467226
perbin_chr11_1.5_lps_SAS_snp_wise.acc_mean_r2.txt	0.7078442977098912	0.9081123921679839	0.9811861125937876	0.9575668404013327
perbin_chr11_2.0_lps_AFR_snp_wise.acc_mean_r2.txt	0.8205646096120599	0.952947547112547	0.9823827821774327	0.969554121665883
perbin_chr11_2.0_lps_AMR_snp_wise.acc_mean_r2.txt	0.8922616989982959	0.9446783043367205	0.9861574821957853	0.9706487684917395
perbin_chr11_2.0_lps_EAS_snp_wise.acc_mean_r2.txt	0.6876383471561796	0.8935770565283815	0.9803829150545441	0.9580559874311082
perbin_chr11_2.0_lps_EUR_snp_wise.acc_mean_r2.txt	0.7792655182118962	0.9263609164923188	0.9856027029431058	0.96817457487697
perbin_chr11_2.0_lps_SAS_snp_wise.acc_mean_r2.txt	0.7351239652116264	0.9186848003126181	0.9837762876697624	0.962737074826327
perbin_chr12_0.5_lps_AFR_snp_wise.acc_mean_r2.txt	0.730033057499682	0.9125655097868681	0.960254347185793	0.9394039131544806
perbin_chr12_0.5_lps_AMR_snp_wise.acc_mean_r2.txt	0.8208539316733264	0.9007115687476979	0.967383701407287	0.9429083976468866
perbin_chr12_0.5_lps_EAS_snp_wise.acc_mean_r2.txt	0.526433643345009	0.8091506412900384	0.9509600802390281	0.911513394140201
perbin_chr12_0.5_lps_EUR_snp_wise.acc_mean_r2.txt	0.6673807532312692	0.8683253679027949	0.9657338010688167	0.9360157497534977
perbin_chr12_0.5_lps_SAS_snp_wise.acc_mean_r2.txt	0.5878330970966037	0.8493286607483647	0.9591119370084256	0.92360460404512
perbin_chr12_0.75_lps_AFR_snp_wise.acc_mean_r2.txt	0.7539685291045408	0.9253500611119561	0.9684283252448788	0.9495937183750708
perbin_chr12_0.75_lps_AMR_snp_wise.acc_mean_r2.txt	0.8405093717932778	0.913911634799097	0.9741750753766601	0.9520523990058071
perbin_chr12_0.75_lps_EAS_snp_wise.acc_mean_r2.txt	0.5631091669741934	0.8365002384721649	0.9613373566400506	0.9266118076896585
perbin_chr12_0.75_lps_EUR_snp_wise.acc_mean_r2.txt	0.6958453395465242	0.8868699591103385	0.9728864696937339	0.946643946409069
perbin_chr12_0.75_lps_SAS_snp_wise.acc_mean_r2.txt	0.6256148313315061	0.8710436650794434	0.9679267475014477	0.9365917392628477
perbin_chr12_1.0_lps_AFR_snp_wise.acc_mean_r2.txt	0.7723703404504413	0.9342551599222796	0.9736296384654924	0.9564143945601947
perbin_chr12_1.0_lps_AMR_snp_wise.acc_mean_r2.txt	0.8537199268841384	0.922945233714387	0.9780777772835056	0.9578386504233029
perbin_chr12_1.0_lps_EAS_snp_wise.acc_mean_r2.txt	0.593048406060637	0.8563463780496179	0.9678560430198858	0.9368377498535908
perbin_chr12_1.0_lps_EUR_snp_wise.acc_mean_r2.txt	0.7198360379043894	0.9003991728836728	0.9775427592767995	0.9540072502395963
perbin_chr12_1.0_lps_SAS_snp_wise.acc_mean_r2.txt	0.6542236096887339	0.8861613944841881	0.9731593925878196	0.9450215286886847
perbin_chr12_1.25_lps_AFR_snp_wise.acc_mean_r2.txt	0.7849869148834666	0.939524627451329	0.9765921949567344	0.9603855748517517
perbin_chr12_1.25_lps_AMR_snp_wise.acc_mean_r2.txt	0.8645732410968345	0.9289854413674069	0.9805843589085635	0.9616424242478602
perbin_chr12_1.25_lps_EAS_snp_wise.acc_mean_r2.txt	0.6161299539766069	0.8704032330252671	0.9718818456904403	0.9436538588285258
perbin_chr12_1.25_lps_EUR_snp_wise.acc_mean_r2.txt	0.7367103269851085	0.9092838037046498	0.9801425436530509	0.9585244598641826
perbin_chr12_1.25_lps_SAS_snp_wise.acc_mean_r2.txt	0.6772733737080419	0.8965045744381749	0.9764274980157384	0.9505779337146422
perbin_chr12_1.5_lps_AFR_snp_wise.acc_mean_r2.txt	0.7950904556027202	0.943207042297981	0.9785664273385256	0.9631066559247592
perbin_chr12_1.5_lps_AMR_snp_wise.acc_mean_r2.txt	0.8720011012295101	0.9331304699739625	0.9822589679979884	0.9642239230029588
perbin_chr12_1.5_lps_EAS_snp_wise.acc_mean_r2.txt	0.6343326013858707	0.8804609954152792	0.9745778942430778	0.9483976921904437
perbin_chr12_1.5_lps_EUR_snp_wise.acc_mean_r2.txt	0.7497704365774234	0.9157327499596146	0.9818722704475052	0.9616939593922426
perbin_chr12_1.5_lps_SAS_snp_wise.acc_mean_r2.txt	0.6948586581001567	0.9042667275357799	0.978632769351856	0.9545804737939106
perbin_chr12_2.0_lps_AFR_snp_wise.acc_mean_r2.txt	0.8108898763127423	0.9487187182605811	0.9812298293276321	0.9670153755149355
perbin_chr12_2.0_lps_AMR_snp_wise.acc_mean_r2.txt	0.8838024029776332	0.9391174428837759	0.9844494102191579	0.9678080695820597
perbin_chr12_2.0_lps_EAS_snp_wise.acc_mean_r2.txt	0.6632672191383017	0.8948821217415419	0.9781754811981441	0.9550060290872503
perbin_chr12_2.0_lps_EUR_snp_wise.acc_mean_r2.txt	0.7717761423820642	0.924775870652316	0.9841839748276435	0.966059331703376
perbin_chr12_2.0_lps_SAS_snp_wise.acc_mean_r2.txt	0.7219577598239925	0.9151046896232933	0.9814906131501664	0.960019336549153
perbin_chr13_0.5_lps_AFR_snp_wise.acc_mean_r2.txt	0.6540975808296422	0.8452137983362819	0.8994195656483757	0.8756462560828414
perbin_chr13_0.5_lps_AMR_snp_wise.acc_mean_r2.txt	0.743609625017834	0.8146377474158222	0.9021690708303245	0.8697385114531118
perbin_chr13_0.5_lps_EAS_snp_wise.acc_mean_r2.txt	0.4670642518097505	0.717500669454514	0.8785151032506466	0.8332379045965553
perbin_chr13_0.5_lps_EUR_snp_wise.acc_mean_r2.txt	0.5947372497683406	0.7882857256531342	0.8968239120009153	0.8633562870872792
perbin_chr13_0.5_lps_SAS_snp_wise.acc_mean_r2.txt	0.5394064938181333	0.7692120701245898	0.8979013008992969	0.855365887709398
perbin_chr13_0.75_lps_AFR_snp_wise.acc_mean_r2.txt	0.6760323735305818	0.8579612590588707	0.9078921074550418	0.8859936716491694
perbin_chr13_0.75_lps_AMR_snp_wise.acc_mean_r2.txt	0.7681355944957982	0.8325429804912976	0.912775164230709	0.8830489531187984
perbin_chr13_0.75_lps_EAS_snp_wise.acc_mean_r2.txt	0.5025235770080895	0.7451823624581504	0.8915677492574052	0.850404233155751
perbin_chr13_0.75_lps_EUR_snp_wise.acc_mean_r2.txt	0.62020531290524	0.8077498899991143	0.9072142454153582	0.8765445258322332
perbin_chr13_0.75_lps_SAS_snp_wise.acc_mean_r2.txt	0.5743280021771952	0.7924246787749216	0.9114412373891071	0.8721029146202278
perbin_chr13_1.0_lps_AFR_snp_wise.acc_mean_r2.txt	0.6981649352545	0.8721796038728119	0.9199649959357661	0.8990075042415275
perbin_chr13_1.0_lps_AMR_snp_wise.acc_mean_r2.txt	0.7876171799127403	0.8490560202743422	0.9244025625685144	0.8964864930014232
perbin_chr13_1.0_lps_EAS_snp_wise.acc_mean_r2.txt	0.5294237680316716	0.7685353992431464	0.9023212521272123	0.8647007202573274
perbin_chr13_1.0_lps_EUR_snp_wise.acc_mean_r2.txt	0.6472469349034191	0.8254855148760516	0.9183433533956105	0.8897107456983923
perbin_chr13_1.0_lps_SAS_snp_wise.acc_mean_r2.txt	0.6033827828396784	0.8131586510921247	0.923395143545051	0.886958879788846
perbin_chr13_1.25_lps_AFR_snp_wise.acc_mean_r2.txt	0.7141101289833492	0.8836854847046837	0.929652951777394	0.9094927570444025
perbin_chr13_1.25_lps_AMR_snp_wise.acc_mean_r2.txt	0.7946082590515078	0.8562525490265424	0.9305344312925835	0.9030128207478392
perbin_chr13_1.25_lps_EAS_snp_wise.acc_mean_r2.txt	0.5512249468129001	0.7857727263046109	0.9135971550333589	0.877652973409709
perbin_chr13_1.25_lps_EUR_snp_wise.acc_mean_r2.txt	0.6645184226843635	0.8345728201083714	0.9224799724931698	0.8953739031710483
perbin_chr13_1.25_lps_SAS_snp_wise.acc_mean_r2.txt	0.6260826967086189	0.8296882780382976	0.9337235739438104	0.8993369802013902
perbin_chr13_1.5_lps_AFR_snp_wise.acc_mean_r2.txt	0.7299343850371329	0.8952683872479517	0.9414717819461186	0.9212081151887803
perbin_chr13_1.5_lps_AMR_snp_wise.acc_mean_r2.txt	0.8102033174324929	0.8667749973229595	0.9369838726248898	0.9109713206553014
perbin_chr13_1.5_lps_EAS_snp_wise.acc_mean_r2.txt	0.5704981138820925	0.8005558534385796	0.9225939887317967	0.8882769106613796
perbin_chr13_1.5_lps_EUR_snp_wise.acc_mean_r2.txt	0.6772710752743365	0.8471463279782342	0.9310634504406796	0.90518770225556
perbin_chr13_1.5_lps_SAS_snp_wise.acc_mean_r2.txt	0.6426036497102827	0.8372995399811345	0.9359391703770316	0.9033359959658517
perbin_chr13_2.0_lps_AFR_snp_wise.acc_mean_r2.txt	0.7512983512746301	0.908251719191795	0.9529410333469954	0.9333414048874245
perbin_chr13_2.0_lps_AMR_snp_wise.acc_mean_r2.txt	0.8248918926737834	0.8802956219517458	0.9485157856893213	0.923240055990391
perbin_chr13_2.0_lps_EAS_snp_wise.acc_mean_r2.txt	0.6012617057328569	0.8243114607489046	0.9366941782837114	0.9050922000812309
perbin_chr13_2.0_lps_EUR_snp_wise.acc_mean_r2.txt	0.7032791166343768	0.8615805346852197	0.9413633641818508	0.9167624204772442
perbin_chr13_2.0_lps_SAS_snp_wise.acc_mean_r2.txt	0.6715960226406429	0.8547987796717602	0.9480492532416157	0.9172273468585437
perbin_chr14_0.5_lps_AFR_snp_wise.acc_mean_r2.txt	0.654804710825679	0.8264794450381342	0.8645450736239263	0.8477756172617955
perbin_chr14_0.5_lps_AMR_snp_wise.acc_mean_r2.txt	0.7466733130763001	0.8301291987775259	0.8761042372043935	0.8586391590925421
perbin_chr14_0.5_lps_EAS_snp_wise.acc_mean_r2.txt	0.4866217774986326	0.7358726232394529	0.858452417775089	0.8245964803991638
perbin_chr14_0.5_lps_EUR_snp_wise.acc_mean_r2.txt	0.5935580289607526	0.7951069906284314	0.870181065101014	0.8467677847929046
perbin_chr14_0.5_lps_SAS_snp_wise.acc_mean_r2.txt	0.5459438983080592	0.7769489592993346	0.8606151323143969	0.833404644445994
perbin_chr14_0.75_lps_AFR_snp_wise.acc_mean_r2.txt	0.6730233880653119	0.8336710054433265	0.8680451132205314	0.8529019217963347
perbin_chr14_0.75_lps_AMR_snp_wise.acc_mean_r2.txt	0.7584533418557803	0.8334741984317975	0.8737398567435635	0.8584436679484468
perbin_chr14_0.75_lps_EAS_snp_wise.acc_mean_r2.txt	0.5180434400945769	0.7573825390640692	0.8650081271268407	0.8352824681525877
perbin_chr14_0.75_lps_EUR_snp_wise.acc_mean_r2.txt	0.6149187101840771	0.8085338723815447	0.8720141458422755	0.8522166132451294
perbin_chr14_0.75_lps_SAS_snp_wise.acc_mean_r2.txt	0.5744108777957228	0.7930895732897384	0.8639507325687883	0.8409047792830273
perbin_chr14_1.0_lps_AFR_snp_wise.acc_mean_r2.txt	0.6914484107254585	0.8442092078218614	0.8749421133665573	0.861403019502608
perbin_chr14_1.0_lps_AMR_snp_wise.acc_mean_r2.txt	0.7717812199068708	0.8423851130978036	0.8773437389309392	0.8640635949277992
perbin_chr14_1.0_lps_EAS_snp_wise.acc_mean_r2.txt	0.5435008597512775	0.7752834207147191	0.8707455165474152	0.8443793544035657
perbin_chr14_1.0_lps_EUR_snp_wise.acc_mean_r2.txt	0.6373888008465702	0.8199190398872899	0.8748108395804889	0.8576917861407715
perbin_chr14_1.0_lps_SAS_snp_wise.acc_mean_r2.txt	0.6009156443322361	0.8085943921108905	0.8708210672773938	0.8505832802639449
perbin_chr14_1.25_lps_AFR_snp_wise.acc_mean_r2.txt	0.7032617160304949	0.8498724915390673	0.8784312187483728	0.8658499387987966
perbin_chr14_1.25_lps_AMR_snp_wise.acc_mean_r2.txt	0.7836443729450269	0.8508335431873112	0.8831809751171418	0.8708927760268691
perbin_chr14_1.25_lps_EAS_snp_wise.acc_mean_r2.txt	0.5639788895023493	0.7884691854724137	0.8757159035559503	0.8516187884083763
perbin_chr14_1.25_lps_EUR_snp_wise.acc_mean_r2.txt	0.6550713433257241	0.829726534941294	0.8795649216836173	0.8640218713416765
perbin_chr14_1.25_lps_SAS_snp_wise.acc_mean_r2.txt	0.6213617691250154	0.8179225764414619	0.8743315479542766	0.8559858345111365
perbin_chr14_1.5_lps_AFR_snp_wise.acc_mean_r2.txt	0.7139100267352401	0.8552744676895452	0.8827163190410576	0.8706270682961735
perbin_chr14_1.5_lps_AMR_snp_wise.acc_mean_r2.txt	0.7916158613233086	0.8565385600536024	0.8868945595772285	0.8753628693169412
perbin_chr14_1.5_lps_EAS_snp_wise.acc_mean_r2.txt	0.5802553600604186	0.7980452794584095	0.8797226049670995	0.8571637287026156
perbin_chr14_1.5_lps_EUR_snp_wise.acc_mean_r2.txt	0.6680692600687855	0.8376910286281063	0.8841293619942315	0.8696466830697034
perbin_chr14_1.5_lps_SAS_snp_wise.acc_mean_r2.txt	0.6384379749055676	0.8272468240375542	0.8786189533287921	0.8619113563337484
perbin_chr14_2.0_lps_AFR_snp_wise.acc_mean_r2.txt	0.7314775633541121	0.8636774230653249	0.8884937628509155	0.8775611566504332
perbin_chr14_2.0_lps_AMR_snp_wise.acc_mean_r2.txt	0.8055065695327283	0.8666779983918297	0.8942530297723138	0.8837777785604423
perbin_chr14_2.0_lps_EAS_snp_wise.acc_mean_r2.txt	0.6081482474936718	0.8133712815849364	0.8860150980418094	0.8659512326223167
perbin_chr14_2.0_lps_EUR_snp_wise.acc_mean_r2.txt	0.6901249989660957	0.8473663103267173	0.8887735441084452	0.8758599094332811
perbin_chr14_2.0_lps_SAS_snp_wise.acc_mean_r2.txt	0.6640234181328036	0.8385206600942741	0.8844517566673796	0.8695137297319308
perbin_chr15_0.5_lps_AFR_snp_wise.acc_mean_r2.txt	0.6525206809576781	0.8216142544840322	0.8694829353909858	0.8484196867006448
perbin_chr15_0.5_lps_AMR_snp_wise.acc_mean_r2.txt	0.7330750522105964	0.8052453793007001	0.8781113592856858	0.8510036417428684
perbin_chr15_0.5_lps_EAS_snp_wise.acc_mean_r2.txt	0.46250251920977975	0.7173487145488605	0.860720753421646	0.819957651615245
perbin_chr15_0.5_lps_EUR_snp_wise.acc_mean_r2.txt	0.596063074953965	0.7730334618413128	0.8735605346463077	0.8424596122730367
perbin_chr15_0.5_lps_SAS_snp_wise.acc_mean_r2.txt	0.5317780529881543	0.7557872109224059	0.8716672921497365	0.8344473612819957
perbin_chr15_0.75_lps_AFR_snp_wise.acc_mean_r2.txt	0.6728697718852049	0.8316656670996463	0.8749916306872825	0.8559272752777632
perbin_chr15_0.75_lps_AMR_snp_wise.acc_mean_r2.txt	0.7542095996731801	0.8190174433050532	0.8834182292061501	0.8594597466042269
perbin_chr15_0.75_lps_EAS_snp_wise.acc_mean_r2.txt	0.4959945672227569	0.7421872113307653	0.8694109798250957	0.8332391051129701
perbin_chr15_0.75_lps_EUR_snp_wise.acc_mean_r2.txt	0.6261476240664244	0.7909828226286013	0.8811831667697297	0.853277112978455
perbin_chr15_0.75_lps_SAS_snp_wise.acc_mean_r2.txt	0.5627874933168103	0.774812129795	0.8780504683264463	0.84489098325927
perbin_chr15_1.0_lps_AFR_snp_wise.acc_mean_r2.txt	0.6925819988620816	0.8418833043547008	0.8827774518025497	0.8647831477742474
perbin_chr15_1.0_lps_AMR_snp_wise.acc_mean_r2.txt	0.7704784142486151	0.8295804904977898	0.8893751793130188	0.8671302642607834
perbin_chr15_1.0_lps_EAS_snp_wise.acc_mean_r2.txt	0.5250864325574309	0.7632963558525513	0.8768148091599095	0.8445395879560114
perbin_chr15_1.0_lps_EUR_snp_wise.acc_mean_r2.txt	0.6484339947464058	0.8071975873839188	0.8869276071889852	0.8622608474039181
perbin_chr15_1.0_lps_SAS_snp_wise.acc_mean_r2.txt	0.5939956810507652	0.7920193822847713	0.8854503222766665	0.8554409100414063
perbin_chr15_1.25_lps_AFR_snp_wise.acc_mean_r2.txt	0.7061322138233722	0.849321029633947	0.8879649124445563	0.8709607732333169
perbin_chr15_1.25_lps_AMR_snp_wise.acc_mean_r2.txt	0.7860651535961931	0.8432459704209797	0.8955277093090447	0.8760777738149081
perbin_chr15_1.25_lps_EAS_snp_wise.acc_mean_r2.txt	0.5503182820819464	0.7802772912703254	0.8847456519159028	0.8550435255178674
perbin_chr15_1.25_lps_EUR_snp_wise.acc_mean_r2.txt	0.6647664063137054	0.8155369175705072	0.8884439145185301	0.8658880518113046
perbin_chr15_1.25_lps_SAS_snp_wise.acc_mean_r2.txt	0.6150945773605972	0.8028173675912269	0.8878312646594149	0.8605253520456007
perbin_chr15_1.5_lps_AFR_snp_wise.acc_mean_r2.txt	0.7181841295975308	0.8555407591919992	0.8924713403280855	0.876221090686567
perbin_chr15_1.5_lps_AMR_snp_wise.acc_mean_r2.txt	0.791545810756831	0.8447807878054535	0.8974147340072953	0.8778337697891876
perbin_chr15_1.5_lps_EAS_snp_wise.acc_mean_r2.txt	0.5673266494841372	0.7922822389538428	0.8881928679700842	0.8609238497874381
perbin_chr15_1.5_lps_EUR_snp_wise.acc_mean_r2.txt	0.679925759506439	0.826443941584643	0.8951733768466797	0.8739099622141873
perbin_chr15_1.5_lps_SAS_snp_wise.acc_mean_r2.txt	0.6348952120453523	0.8144592060045619	0.8949885015426743	0.8691230138677355
perbin_chr15_2.0_lps_AFR_snp_wise.acc_mean_r2.txt	0.739380747465414	0.8673727603157529	0.9030317381571008	0.8873410213024702
perbin_chr15_2.0_lps_AMR_snp_wise.acc_mean_r2.txt	0.806842946919042	0.8564305345644009	0.9052198929826917	0.88706919841479
perbin_chr15_2.0_lps_EAS_snp_wise.acc_mean_r2.txt	0.5998671755632252	0.8141405859832734	0.8997656120065748	0.8754209651674478
perbin_chr15_2.0_lps_EUR_snp_wise.acc_mean_r2.txt	0.7049573353587409	0.8409400362780516	0.901988691795515	0.8831015458430581
perbin_chr15_2.0_lps_SAS_snp_wise.acc_mean_r2.txt	0.6640795580697143	0.8295721746598727	0.902727677834407	0.879230604464141
perbin_chr16_0.5_lps_AFR_snp_wise.acc_mean_r2.txt	0.6707718439416459	0.8808554148868287	0.9438355098760992	0.9158242307758062
perbin_chr16_0.5_lps_AMR_snp_wise.acc_mean_r2.txt	0.7787290197795239	0.8701584225436751	0.9535763767480907	0.9211525326186039
perbin_chr16_0.5_lps_EAS_snp_wise.acc_mean_r2.txt	0.45060604758571743	0.7473047959015803	0.9293159408898108	0.878087600966409
perbin_chr16_0.5_lps_EUR_snp_wise.acc_mean_r2.txt	0.6278976658644925	0.8252646050634623	0.9510398575343585	0.9109314355214306
perbin_chr16_0.5_lps_SAS_snp_wise.acc_mean_r2.txt	0.5564093455073473	0.7995247625585677	0.9416315164553785	0.8953400800771055
perbin_chr16_0.75_lps_AFR_snp_wise.acc_mean_r2.txt	0.697037623394926	0.8964850010291656	0.9545931333035961	0.928748727838455
perbin_chr16_0.75_lps_AMR_snp_wise.acc_mean_r2.txt	0.8021748075472003	0.8869104588512475	0.9627557255505218	0.9332753201765134
perbin_chr16_0.75_lps_EAS_snp_wise.acc_mean_r2.txt	0.49028176593389816	0.7812106113041082	0.9440194924251334	0.8981957671518489
perbin_chr16_0.75_lps_EUR_snp_wise.acc_mean_r2.txt	0.6588048514422254	0.847998307433489	0.9609433704388765	0.9249263626229309
perbin_chr16_0.75_lps_SAS_snp_wise.acc_mean_r2.txt	0.593946618692801	0.8259301107392649	0.9538445622945662	0.9121762845128245
perbin_chr16_1.0_lps_AFR_snp_wise.acc_mean_r2.txt	0.7197099206029365	0.9080662374748434	0.9617569825329869	0.9378772718850027
perbin_chr16_1.0_lps_AMR_snp_wise.acc_mean_r2.txt	0.8177211439031477	0.8979184039324198	0.9685161815974309	0.9410754302540304
perbin_chr16_1.0_lps_EAS_snp_wise.acc_mean_r2.txt	0.5221932506974017	0.8050859945888047	0.9531237915578918	0.9114574936774277
perbin_chr16_1.0_lps_EUR_snp_wise.acc_mean_r2.txt	0.6838708306464736	0.8653244774275538	0.9674600602851707	0.9348900834470198
perbin_chr16_1.0_lps_SAS_snp_wise.acc_mean_r2.txt	0.6246074186200821	0.84496612202119	0.9613604299806299	0.9234448520510267
perbin_chr16_1.25_lps_AFR_snp_wise.acc_mean_r2.txt	0.7347176214292526	0.9151884230909031	0.9658822549617712	0.9433354634169165
perbin_chr16_1.25_lps_AMR_snp_wise.acc_mean_r2.txt	0.830644246184765	0.9058749362627132	0.9722819011014567	0.9464700827995186
perbin_chr16_1.25_lps_EAS_snp_wise.acc_mean_r2.txt	0.5481440811563105	0.8233241760007354	0.9592286435803782	0.9209773581289894
perbin_chr16_1.25_lps_EUR_snp_wise.acc_mean_r2.txt	0.7028040848194382	0.8766940430711782	0.9712229426929314	0.9410786581539337
perbin_chr16_1.25_lps_SAS_snp_wise.acc_mean_r2.txt	0.6482416114978188	0.8582535933548964	0.9662815622493734	0.9310913287662834
perbin_chr16_1.5_lps_AFR_snp_wise.acc_mean_r2.txt	0.746796280656859	0.9203269800383802	0.9687706347073163	0.9472246409802355
perbin_chr16_1.5_lps_AMR_snp_wise.acc_mean_r2.txt	0.8403191997918741	0.9112513267066475	0.9746589947435057	0.9500129774124726
perbin_chr16_1.5_lps_EAS_snp_wise.acc_mean_r2.txt	0.5681168249082635	0.8362307301530868	0.9631442930220463	0.9274235620747104
perbin_chr16_1.5_lps_EUR_snp_wise.acc_mean_r2.txt	0.7168324711987187	0.885261819157536	0.9740438736874188	0.9457321983752719
perbin_chr16_1.5_lps_SAS_snp_wise.acc_mean_r2.txt	0.6663080202750153	0.8679661270332083	0.9695675846776414	0.93647079452858
perbin_chr16_2.0_lps_AFR_snp_wise.acc_mean_r2.txt	0.7667174614557972	0.9279185635971848	0.9728144013628174	0.9528463488803804
perbin_chr16_2.0_lps_AMR_snp_wise.acc_mean_r2.txt	0.8539281946466616	0.9191055921836012	0.977965266478687	0.9550870153508831
perbin_chr16_2.0_lps_EAS_snp_wise.acc_mean_r2.txt	0.6023414953764225	0.8555484962931106	0.9686437607299401	0.9368122888128135
perbin_chr16_2.0_lps_EUR_snp_wise.acc_mean_r2.txt	0.7406899186411764	0.8972395692002273	0.9776312899404098	0.9519952049519197
perbin_chr16_2.0_lps_SAS_snp_wise.acc_mean_r2.txt	0.695156899948734	0.8818559793735983	0.9738769638883275	0.9439010237354559
perbin_chr17_0.5_lps_AFR_snp_wise.acc_mean_r2.txt	0.6699960377057241	0.8801879901937721	0.9395373038157875	0.9130315125000459
perbin_chr17_0.5_lps_AMR_snp_wise.acc_mean_r2.txt	0.7720957998364636	0.8652289453518633	0.9512478936053044	0.9183311457748051
perbin_chr17_0.5_lps_EAS_snp_wise.acc_mean_r2.txt	0.4550874848996632	0.7377048551152273	0.9286461040428752	0.8749466854179482
perbin_chr17_0.5_lps_EUR_snp_wise.acc_mean_r2.txt	0.6138937396064257	0.8108013379957748	0.9478418909431987	0.9062827972033219
perbin_chr17_0.5_lps_SAS_snp_wise.acc_mean_r2.txt	0.5281362950597226	0.7925291568578393	0.9391742446368484	0.8908513276080867
perbin_chr17_0.75_lps_AFR_snp_wise.acc_mean_r2.txt	0.6979136871628341	0.8971252474388552	0.951659339540427	0.9273040576235441
perbin_chr17_0.75_lps_AMR_snp_wise.acc_mean_r2.txt	0.7956892573922708	0.8826775547599917	0.960843312541226	0.9309317338703968
perbin_chr17_0.75_lps_EAS_snp_wise.acc_mean_r2.txt	0.4946946224507663	0.7738309490375279	0.943492640235234	0.8957777843232413
perbin_chr17_0.75_lps_EUR_snp_wise.acc_mean_r2.txt	0.6444196756705709	0.8347378608108761	0.957847776963962	0.9205133059940631
perbin_chr17_0.75_lps_SAS_snp_wise.acc_mean_r2.txt	0.5695476641211877	0.8193828321004214	0.9519558782065815	0.9082700213922549
perbin_chr17_1.0_lps_AFR_snp_wise.acc_mean_r2.txt	0.7214335424881567	0.9098735660666917	0.9599164222735833	0.9375669556578227
perbin_chr17_1.0_lps_AMR_snp_wise.acc_mean_r2.txt	0.8126040602953227	0.8943783185023448	0.9671427066888262	0.9392980623911771
perbin_chr17_1.0_lps_EAS_snp_wise.acc_mean_r2.txt	0.5280981642836816	0.8001809986269545	0.9534857494701482	0.9103710425173397
perbin_chr17_1.0_lps_EUR_snp_wise.acc_mean_r2.txt	0.671680156202863	0.8546678511798476	0.9654255245929336	0.9318370105889726
perbin_chr17_1.0_lps_SAS_snp_wise.acc_mean_r2.txt	0.6009821728557256	0.8394770890531088	0.960486692790652	0.9206112552314702
perbin_chr17_1.25_lps_AFR_snp_wise.acc_mean_r2.txt	0.7377350186493168	0.9172977660467873	0.9645497487940903	0.9434467045039462
perbin_chr17_1.25_lps_AMR_snp_wise.acc_mean_r2.txt	0.8264274630702888	0.9024503143179889	0.9711976023243588	0.944890176003951
perbin_chr17_1.25_lps_EAS_snp_wise.acc_mean_r2.txt	0.5545585039469453	0.8188064353300977	0.9598010463383442	0.9201483852035075
perbin_chr17_1.25_lps_EUR_snp_wise.acc_mean_r2.txt	0.6906639232816536	0.8669342238349698	0.9697779799454189	0.9385894506463949
perbin_chr17_1.25_lps_SAS_snp_wise.acc_mean_r2.txt	0.6285717781200072	0.8543696955339776	0.965728006286326	0.9290328909405048
perbin_chr17_1.5_lps_AFR_snp_wise.acc_mean_r2.txt	0.7494448651636695	0.9225459066219525	0.9677040567749602	0.9475361318047791
perbin_chr17_1.5_lps_AMR_snp_wise.acc_mean_r2.txt	0.8361703880994488	0.9085530638648017	0.9739481383424172	0.9489234987758636
perbin_chr17_1.5_lps_EAS_snp_wise.acc_mean_r2.txt	0.5744357447849446	0.8322753292311199	0.9639645864309995	0.9269289192270962
perbin_chr17_1.5_lps_EUR_snp_wise.acc_mean_r2.txt	0.7074275422332121	0.8758351019873579	0.9727633370033666	0.9433687562137186
perbin_chr17_1.5_lps_SAS_snp_wise.acc_mean_r2.txt	0.6463149072980068	0.8646185383415829	0.9691925798580483	0.9347330366977779
perbin_chr17_2.0_lps_AFR_snp_wise.acc_mean_r2.txt	0.7692805951297751	0.9299413615179055	0.9719880767097989	0.953209738926709
perbin_chr17_2.0_lps_AMR_snp_wise.acc_mean_r2.txt	0.8507324964221291	0.9162813483412845	0.9774110479397539	0.9540186332742268
perbin_chr17_2.0_lps_EAS_snp_wise.acc_mean_r2.txt	0.6075817024379456	0.8519591378191369	0.9696923673076386	0.9365816276855085
perbin_chr17_2.0_lps_EUR_snp_wise.acc_mean_r2.txt	0.7314469823934416	0.8884089933311302	0.9765454147212996	0.9498170506008149
perbin_chr17_2.0_lps_SAS_snp_wise.acc_mean_r2.txt	0.6784899265889575	0.8791719751738962	0.9738949337291715	0.9426815481578579
perbin_chr18_0.5_lps_AFR_snp_wise.acc_mean_r2.txt	0.7051850917817117	0.8999993717542843	0.9536827102697617	0.9304086077859897
perbin_chr18_0.5_lps_AMR_snp_wise.acc_mean_r2.txt	0.8027695506581841	0.892607871747714	0.9626369759460205	0.936232139808575
perbin_chr18_0.5_lps_EAS_snp_wise.acc_mean_r2.txt	0.5140062115135717	0.791986602153416	0.9454127733688451	0.9020860909000359
perbin_chr18_0.5_lps_EUR_snp_wise.acc_mean_r2.txt	0.6415011376718915	0.8555241047181497	0.9608674956722466	0.9283697040554361
perbin_chr18_0.5_lps_SAS_snp_wise.acc_mean_r2.txt	0.5767670915948404	0.8363717188344072	0.9538747545993361	0.9160285467483255
perbin_chr18_0.75_lps_AFR_snp_wise.acc_mean_r2.txt	0.7317166119579478	0.9148541811136054	0.9637107735442889	0.9425292790492733
perbin_chr18_0.75_lps_AMR_snp_wise.acc_mean_r2.txt	0.8244928270502002	0.9071436334516159	0.9708203164482919	0.9468106935985974
perbin_chr18_0.75_lps_EAS_snp_wise.acc_mean_r2.txt	0.5531516486261466	0.8227005188236505	0.9580365355213458	0.9198184103110051
perbin_chr18_0.75_lps_EUR_snp_wise.acc_mean_r2.txt	0.6723318609586406	0.8770141893658503	0.9695357858170199	0.9409934393604216
perbin_chr18_0.75_lps_SAS_snp_wise.acc_mean_r2.txt	0.6160316205567846	0.8610403285438513	0.9645485296359413	0.9312098770018736
perbin_chr18_1.0_lps_AFR_snp_wise.acc_mean_r2.txt	0.7522299580830539	0.9250093370969601	0.9700300486205112	0.9505115782185747
perbin_chr18_1.0_lps_AMR_snp_wise.acc_mean_r2.txt	0.8405640491460373	0.9177817835245115	0.9757933031866347	0.9539197594893611
perbin_chr18_1.0_lps_EAS_snp_wise.acc_mean_r2.txt	0.583904988353515	0.8449759174277993	0.9656377856951124	0.9315635569563232
perbin_chr18_1.0_lps_EUR_snp_wise.acc_mean_r2.txt	0.6996701497468847	0.8931457857038926	0.9750973753147133	0.949815811300894
perbin_chr18_1.0_lps_SAS_snp_wise.acc_mean_r2.txt	0.6460343860950278	0.8784207635492246	0.9710255010231164	0.9411987129779411
perbin_chr18_1.25_lps_AFR_snp_wise.acc_mean_r2.txt	0.766209240986761	0.9312064865702276	0.9736259347476119	0.9552352271000079
perbin_chr18_1.25_lps_AMR_snp_wise.acc_mean_r2.txt	0.8520156142996494	0.9250486785711016	0.978873773072464	0.9585787426467376
perbin_chr18_1.25_lps_EAS_snp_wise.acc_mean_r2.txt	0.6085604800337204	0.8609448497780143	0.9704938402387041	0.9395578253015628
perbin_chr18_1.25_lps_EUR_snp_wise.acc_mean_r2.txt	0.7177811891433012	0.9030727437324435	0.978272171100748	0.9550736078289093
perbin_chr18_1.25_lps_SAS_snp_wise.acc_mean_r2.txt	0.6699544980168183	0.8902589954413096	0.9750010591947864	0.9477067366467823
perbin_chr18_1.5_lps_AFR_snp_wise.acc_mean_r2.txt	0.7773855736634413	0.9358166511571729	0.9760049091549945	0.9585815211699886
perbin_chr18_1.5_lps_AMR_snp_wise.acc_mean_r2.txt	0.8609078023735626	0.9302159042688944	0.9810148193744685	0.961860825550353
perbin_chr18_1.5_lps_EAS_snp_wise.acc_mean_r2.txt	0.6273721260512873	0.8720633509211266	0.9736547171237016	0.9449658902425884
perbin_chr18_1.5_lps_EUR_snp_wise.acc_mean_r2.txt	0.7318855532421833	0.9101919110661758	0.9804612715176066	0.9587836037273965
perbin_chr18_1.5_lps_SAS_snp_wise.acc_mean_r2.txt	0.6883111242751447	0.8992085681442868	0.9775931746794266	0.9523465068641089
perbin_chr18_2.0_lps_AFR_snp_wise.acc_mean_r2.txt	0.7952741350790071	0.9418687453342413	0.9792333519436911	0.9630341417689469
perbin_chr18_2.0_lps_AMR_snp_wise.acc_mean_r2.txt	0.8741919144520546	0.9367557599367341	0.9836422105744909	0.9659634317249061
perbin_chr18_2.0_lps_EAS_snp_wise.acc_mean_r2.txt	0.6576490024040739	0.8891845611802635	0.9779672887955352	0.9528955489637404
perbin_chr18_2.0_lps_EUR_snp_wise.acc_mean_r2.txt	0.7556679754785631	0.9208256623596569	0.9833153051623077	0.9640376326703108
perbin_chr18_2.0_lps_SAS_snp_wise.acc_mean_r2.txt	0.7187319950259433	0.911666517056432	0.9811094818239402	0.9587428011567337
perbin_chr19_0.5_lps_AFR_snp_wise.acc_mean_r2.txt	0.6403274755819662	0.8674783127322454	0.9366136404497318	0.9072571434820391
perbin_chr19_0.5_lps_AMR_snp_wise.acc_mean_r2.txt	0.7499776725426761	0.8487003774616699	0.9495159193780722	0.9126489989601237
perbin_chr19_0.5_lps_EAS_snp_wise.acc_mean_r2.txt	0.4295713294712158	0.7439037617601281	0.9270180498996224	0.874966676827406
perbin_chr19_0.5_lps_EUR_snp_wise.acc_mean_r2.txt	0.5717320128511028	0.8064238917384684	0.9454159927129117	0.9031108132253146
perbin_chr19_0.5_lps_SAS_snp_wise.acc_mean_r2.txt	0.5042481117621042	0.7806188473590243	0.9345519756292409	0.8859466340360654
perbin_chr19_0.75_lps_AFR_snp_wise.acc_mean_r2.txt	0.6691247090668445	0.8854130990348886	0.9493015971282193	0.9221730282406672
perbin_chr19_0.75_lps_AMR_snp_wise.acc_mean_r2.txt	0.7748720438252935	0.8666590761173407	0.9598853805299531	0.9257937446541157
perbin_chr19_0.75_lps_EAS_snp_wise.acc_mean_r2.txt	0.4649537658967267	0.7750605138728247	0.9423538462610939	0.8947996780685903
perbin_chr19_0.75_lps_EUR_snp_wise.acc_mean_r2.txt	0.6032016247600399	0.8306411782853215	0.9564678615388691	0.9181698548028668
perbin_chr19_0.75_lps_SAS_snp_wise.acc_mean_r2.txt	0.5422788908588048	0.8083470025962535	0.9483206155049883	0.9041230776136183
perbin_chr19_1.0_lps_AFR_snp_wise.acc_mean_r2.txt	0.6918585699927753	0.8980715578414928	0.9575033046645219	0.9322671778825024
perbin_chr19_1.0_lps_AMR_snp_wise.acc_mean_r2.txt	0.7927098647030053	0.8790460107613701	0.9661728638236001	0.934311717247856
perbin_chr19_1.0_lps_EAS_snp_wise.acc_mean_r2.txt	0.49824352603225014	0.7985740100726474	0.9521751402307395	0.9085130655155086
perbin_chr19_1.0_lps_EUR_snp_wise.acc_mean_r2.txt	0.6296457251299463	0.8492346939523207	0.9642625401976176	0.9292513874244552
perbin_chr19_1.0_lps_SAS_snp_wise.acc_mean_r2.txt	0.5761887040805284	0.828589036748217	0.9567017514937453	0.9162493658857261
perbin_chr19_1.25_lps_AFR_snp_wise.acc_mean_r2.txt	0.7075345709665782	0.9059656485994674	0.9621962579189579	0.9383194099097216
perbin_chr19_1.25_lps_AMR_snp_wise.acc_mean_r2.txt	0.8049781789724177	0.8876145928206518	0.9701537133109772	0.9399702403201998
perbin_chr19_1.25_lps_EAS_snp_wise.acc_mean_r2.txt	0.5240047333069295	0.8161830726104342	0.9585948675482311	0.9181134308263499
perbin_chr19_1.25_lps_EUR_snp_wise.acc_mean_r2.txt	0.6493063767136137	0.8608171341483948	0.9684146407264691	0.9356650686551734
perbin_chr19_1.25_lps_SAS_snp_wise.acc_mean_r2.txt	0.6005332727314451	0.8424173168189826	0.9620563773832972	0.924279600727351
perbin_chr19_1.5_lps_AFR_snp_wise.acc_mean_r2.txt	0.7200250861264595	0.9112953368748291	0.9653131804276074	0.942375925151426
perbin_chr19_1.5_lps_AMR_snp_wise.acc_mean_r2.txt	0.8149357656191738	0.8933517075206224	0.9727426740688592	0.943710439653407
perbin_chr19_1.5_lps_EAS_snp_wise.acc_mean_r2.txt	0.5431499304618218	0.8281905935064735	0.9627480549298562	0.9244992612646485
perbin_chr19_1.5_lps_EUR_snp_wise.acc_mean_r2.txt	0.6649035089488332	0.8689893655288826	0.9712987680558064	0.940158742062774
perbin_chr19_1.5_lps_SAS_snp_wise.acc_mean_r2.txt	0.6198626633197036	0.8523855340784684	0.9655729425481259	0.9298333151233095
perbin_chr19_2.0_lps_AFR_snp_wise.acc_mean_r2.txt	0.7407703327984372	0.9190628148895121	0.9696754632289258	0.9481841344603046
perbin_chr19_2.0_lps_AMR_snp_wise.acc_mean_r2.txt	0.8303993069630997	0.9020062985224622	0.9762886926081898	0.9491245960893805
perbin_chr19_2.0_lps_EAS_snp_wise.acc_mean_r2.txt	0.5767918428950056	0.8465226327271331	0.968265786972591	0.9336595396665842
perbin_chr19_2.0_lps_EUR_snp_wise.acc_mean_r2.txt	0.6897834799158715	0.8812033115717185	0.9750807125071432	0.9465071441636265
perbin_chr19_2.0_lps_SAS_snp_wise.acc_mean_r2.txt	0.6505140302162385	0.8666013529292892	0.9702313141967102	0.937509510103646
perbin_chr1_0.5_lps_AFR_snp_wise.acc_mean_r2.txt	0.6659129543231199	0.8847793383530164	0.9565356434173105	0.9244672282093966
perbin_chr1_0.5_lps_AMR_snp_wise.acc_mean_r2.txt	0.7653778663945807	0.8599999888481805	0.9645658792953608	0.9232283456626423
perbin_chr1_0.5_lps_EAS_snp_wise.acc_mean_r2.txt	0.44855834797765687	0.7526879226921	0.9465260011833145	0.8889222413915151
perbin_chr1_0.5_lps_EUR_snp_wise.acc_mean_r2.txt	0.6026246117776222	0.8166932978425978	0.9626724536187586	0.9151016607734256
perbin_chr1_0.5_lps_SAS_snp_wise.acc_mean_r2.txt	0.5275094655971142	0.79231405917342	0.9555864921464873	0.901055593374709
perbin_chr1_0.75_lps_AFR_snp_wise.acc_mean_r2.txt	0.688172654287485	0.8971747080271644	0.9645218369138119	0.9344239146439463
perbin_chr1_0.75_lps_AMR_snp_wise.acc_mean_r2.txt	0.7838627372381778	0.8732439569100363	0.9712702517575823	0.932517985193199
perbin_chr1_0.75_lps_EAS_snp_wise.acc_mean_r2.txt	0.48190264127058585	0.7792935140836479	0.9568504921212535	0.9040850623777905
perbin_chr1_0.75_lps_EUR_snp_wise.acc_mean_r2.txt	0.6286990209124561	0.8353475564087378	0.9697863348265178	0.9259762494448879
perbin_chr1_0.75_lps_SAS_snp_wise.acc_mean_r2.txt	0.5623175271375961	0.8142701094711532	0.9642760313486892	0.9141759771501917
perbin_chr1_1.0_lps_AFR_snp_wise.acc_mean_r2.txt	0.7063102191241996	0.9063451753624283	0.9698767020021158	0.941484000158722
perbin_chr1_1.0_lps_AMR_snp_wise.acc_mean_r2.txt	0.7976755796219782	0.8824446466326143	0.9753987441512474	0.9386516451111784
perbin_chr1_1.0_lps_EAS_snp_wise.acc_mean_r2.txt	0.5099015553369612	0.7994145168215138	0.9633802172948766	0.9146537704703949
perbin_chr1_1.0_lps_EUR_snp_wise.acc_mean_r2.txt	0.6511337823865044	0.8498687014168562	0.9745171975193866	0.9338975093519334
perbin_chr1_1.0_lps_SAS_snp_wise.acc_mean_r2.txt	0.5901399969864433	0.8304481136281113	0.969714719618304	0.923201459202854
perbin_chr1_1.25_lps_AFR_snp_wise.acc_mean_r2.txt	0.718575055823242	0.9117922355102704	0.9729261616489758	0.9456049649269688
perbin_chr1_1.25_lps_AMR_snp_wise.acc_mean_r2.txt	0.8080628572618211	0.8892021081254634	0.9780344185561313	0.942916765902901
perbin_chr1_1.25_lps_EAS_snp_wise.acc_mean_r2.txt	0.5317435032714212	0.8139548939451269	0.9676190452202186	0.9219539574956604
perbin_chr1_1.25_lps_EUR_snp_wise.acc_mean_r2.txt	0.6668764697326787	0.8590256854657188	0.9772384238455097	0.9387159809717653
perbin_chr1_1.25_lps_SAS_snp_wise.acc_mean_r2.txt	0.6108150763907652	0.8416507200381472	0.9730863734946261	0.9291885507995957
perbin_chr1_1.5_lps_AFR_snp_wise.acc_mean_r2.txt	0.7279886499787738	0.9157947048626962	0.974999856418622	0.948540643101525
perbin_chr1_1.5_lps_AMR_snp_wise.acc_mean_r2.txt	0.8158782101708973	0.8933652133228394	0.9797460590403142	0.9455975322138487
perbin_chr1_1.5_lps_EAS_snp_wise.acc_mean_r2.txt	0.5482204759167442	0.8240303504475911	0.9703235828227652	0.9268489452154414
perbin_chr1_1.5_lps_EUR_snp_wise.acc_mean_r2.txt	0.6800611864315252	0.866085659144373	0.9791101426714242	0.9422784164997751
perbin_chr1_1.5_lps_SAS_snp_wise.acc_mean_r2.txt	0.6272316101998391	0.8496618897855522	0.9753601241305572	0.9333785258408485
perbin_chr1_2.0_lps_AFR_snp_wise.acc_mean_r2.txt	0.7440990878866174	0.9215768720535895	0.9778981006975568	0.9527277335283402
perbin_chr1_2.0_lps_AMR_snp_wise.acc_mean_r2.txt	0.8281066025704847	0.9001412479652309	0.9820757587243044	0.9496849802429178
perbin_chr1_2.0_lps_EAS_snp_wise.acc_mean_r2.txt	0.5760571284103707	0.8394434197305936	0.9741296179870794	0.934104296481486
perbin_chr1_2.0_lps_EUR_snp_wise.acc_mean_r2.txt	0.7004632195937733	0.8758474816405509	0.9816101698564824	0.9471448730465716
perbin_chr1_2.0_lps_SAS_snp_wise.acc_mean_r2.txt	0.6533708566595221	0.8618140949381977	0.9783880433215065	0.9394538395311749
perbin_chr20_0.5_lps_AFR_snp_wise.acc_mean_r2.txt	0.6652247036103668	0.8689660018362014	0.9436830568814597	0.9109707764235362
perbin_chr20_0.5_lps_AMR_snp_wise.acc_mean_r2.txt	0.7643325853415212	0.850458800335634	0.9540773683132092	0.9131361890308134
perbin_chr20_0.5_lps_EAS_snp_wise.acc_mean_r2.txt	0.4573491953732623	0.7097515440165031	0.9323723601047413	0.8697034732981265
perbin_chr20_0.5_lps_EUR_snp_wise.acc_mean_r2.txt	0.5854260299492802	0.7934215441955736	0.9518050055878419	0.9023340706950028
perbin_chr20_0.5_lps_SAS_snp_wise.acc_mean_r2.txt	0.5268185654804888	0.788738796794428	0.9414335194869935	0.8886340883117118
perbin_chr20_0.75_lps_AFR_snp_wise.acc_mean_r2.txt	0.6925983097602636	0.8858525960992787	0.9552086729607175	0.9248435115343409
perbin_chr20_0.75_lps_AMR_snp_wise.acc_mean_r2.txt	0.7875984284156646	0.8675449961101105	0.9638638390103458	0.9258068855856961
perbin_chr20_0.75_lps_EAS_snp_wise.acc_mean_r2.txt	0.4960638218841431	0.7430946410270106	0.9471004501783741	0.8896717820679706
perbin_chr20_0.75_lps_EUR_snp_wise.acc_mean_r2.txt	0.616722080961998	0.8179758539684622	0.9621881214465084	0.917143546511468
perbin_chr20_0.75_lps_SAS_snp_wise.acc_mean_r2.txt	0.5655686969107134	0.8139590043670607	0.9538199431571396	0.9054582324081368
perbin_chr20_1.0_lps_AFR_snp_wise.acc_mean_r2.txt	0.7150427190710968	0.8974403277305872	0.962393557719723	0.9339560306415265
perbin_chr20_1.0_lps_AMR_snp_wise.acc_mean_r2.txt	0.803897492296445	0.8787495826455821	0.9695127615840377	0.9336509305079348
perbin_chr20_1.0_lps_EAS_snp_wise.acc_mean_r2.txt	0.5290013080638857	0.7697440799290448	0.95612077418038	0.9036547911664712
perbin_chr20_1.0_lps_EUR_snp_wise.acc_mean_r2.txt	0.6457875739550621	0.8362055426253681	0.9686328538323042	0.9272692996255526
perbin_chr20_1.0_lps_SAS_snp_wise.acc_mean_r2.txt	0.5978415906112703	0.832755298376992	0.9615459052557855	0.9170121409972077
perbin_chr20_1.25_lps_AFR_snp_wise.acc_mean_r2.txt	0.7301771988109407	0.9044794699650945	0.9667455923743236	0.9394845224881464
perbin_chr20_1.25_lps_AMR_snp_wise.acc_mean_r2.txt	0.8170827799707732	0.8865858201825723	0.9729654869892347	0.9388356442968464
perbin_chr20_1.25_lps_EAS_snp_wise.acc_mean_r2.txt	0.5538016430495798	0.7885510207614765	0.9618864498293067	0.9130916489894687
perbin_chr20_1.25_lps_EUR_snp_wise.acc_mean_r2.txt	0.6646421717402548	0.8479093912729315	0.9724443996967664	0.9335459993242926
perbin_chr20_1.25_lps_SAS_snp_wise.acc_mean_r2.txt	0.6215204181012033	0.8459791662134583	0.9664149912921216	0.924770179047482
perbin_chr20_1.5_lps_AFR_snp_wise.acc_mean_r2.txt	0.741879526027893	0.9095299105479289	0.9695150641601086	0.9432526376353384
perbin_chr20_1.5_lps_AMR_snp_wise.acc_mean_r2.txt	0.826967444100652	0.8926520334446978	0.9754815277514722	0.9427544090267883
perbin_chr20_1.5_lps_EAS_snp_wise.acc_mean_r2.txt	0.5731181919972532	0.8022268144113983	0.9656999405494112	0.9196814279148785
perbin_chr20_1.5_lps_EUR_snp_wise.acc_mean_r2.txt	0.6803254978422234	0.8563631692611141	0.9750465515146485	0.9379759014308944
perbin_chr20_1.5_lps_SAS_snp_wise.acc_mean_r2.txt	0.6419393490765457	0.8556558856689862	0.9697049226169254	0.9302685611582255
perbin_chr20_2.0_lps_AFR_snp_wise.acc_mean_r2.txt	0.7609208133216104	0.9167096673732412	0.9733515261704665	0.9485528457418733
perbin_chr20_2.0_lps_AMR_snp_wise.acc_mean_r2.txt	0.8404936217936595	0.9002759138032996	0.9787950619667266	0.94777102269651
perbin_chr20_2.0_lps_EAS_snp_wise.acc_mean_r2.txt	0.6053842732758116	0.8231462339758558	0.9709111246343883	0.9293145598144978
perbin_chr20_2.0_lps_EUR_snp_wise.acc_mean_r2.txt	0.7044988806272304	0.8694430231865555	0.978457365111409	0.9444068312719371
perbin_chr20_2.0_lps_SAS_snp_wise.acc_mean_r2.txt	0.6722692753762821	0.8693482206006146	0.973926641577997	0.9377650700223628
perbin_chr21_0.5_lps_AFR_snp_wise.acc_mean_r2.txt	0.6203289135831793	0.8119464375960816	0.9127591801069954	0.8685425044599928
perbin_chr21_0.5_lps_AMR_snp_wise.acc_mean_r2.txt	0.7284180622530891	0.821343586021605	0.9365232601004456	0.8919438568435268
perbin_chr21_0.5_lps_EAS_snp_wise.acc_mean_r2.txt	0.4315121701226447	0.6856921926032996	0.9176969170228216	0.8571059200023234
perbin_chr21_0.5_lps_EUR_snp_wise.acc_mean_r2.txt	0.5820656199001059	0.7638208630422151	0.9347674582147315	0.8833454015465622
perbin_chr21_0.5_lps_SAS_snp_wise.acc_mean_r2.txt	0.4934970679073895	0.7426876737488085	0.9239836038628452	0.868078733052619
perbin_chr21_0.75_lps_AFR_snp_wise.acc_mean_r2.txt	0.6478939561871803	0.8324855594900156	0.927372371283635	0.8857548210041906
perbin_chr21_0.75_lps_AMR_snp_wise.acc_mean_r2.txt	0.7509046272740422	0.8403549159960271	0.9468598867667904	0.9056379604258092
perbin_chr21_0.75_lps_EAS_snp_wise.acc_mean_r2.txt	0.46754078372892777	0.7211856687951178	0.9320247832118543	0.8769614555775052
perbin_chr21_0.75_lps_EUR_snp_wise.acc_mean_r2.txt	0.6122952390474009	0.7886639678666135	0.9450883490124147	0.8980346865311867
perbin_chr21_0.75_lps_SAS_snp_wise.acc_mean_r2.txt	0.5328173007635518	0.7707664745152744	0.936740359332323	0.88556023310041
perbin_chr21_1.0_lps_AFR_snp_wise.acc_mean_r2.txt	0.6706788690499011	0.8468162410076693	0.9360715007475947	0.8969239607500394
perbin_chr21_1.0_lps_AMR_snp_wise.acc_mean_r2.txt	0.7691826376771577	0.8534621672380815	0.9532668380147429	0.9146382110364162
perbin_chr21_1.0_lps_EAS_snp_wise.acc_mean_r2.txt	0.5001846825489611	0.7485894342122925	0.9412738657947424	0.890951865459967
perbin_chr21_1.0_lps_EUR_snp_wise.acc_mean_r2.txt	0.6403315648669751	0.8090700178279912	0.952687069084147	0.9094859503911628
perbin_chr21_1.0_lps_SAS_snp_wise.acc_mean_r2.txt	0.5638374399373313	0.7904414459083342	0.9447117317317477	0.8971405568389097
perbin_chr21_1.25_lps_AFR_snp_wise.acc_mean_r2.txt	0.6868230403628915	0.8555012115597331	0.9416152581392658	0.903845460676947
perbin_chr21_1.25_lps_AMR_snp_wise.acc_mean_r2.txt	0.7826277920823999	0.863012103890153	0.957694015544922	0.9210481129188676
perbin_chr21_1.25_lps_EAS_snp_wise.acc_mean_r2.txt	0.52685077073706	0.7684110000416231	0.9473363184866056	0.9006076862834614
perbin_chr21_1.25_lps_EUR_snp_wise.acc_mean_r2.txt	0.6611059717016784	0.8232073063792724	0.957018386980697	0.9167669800277162
perbin_chr21_1.25_lps_SAS_snp_wise.acc_mean_r2.txt	0.5904026310370059	0.8054671962219866	0.9500401349712747	0.9054592585095153
perbin_chr21_1.5_lps_AFR_snp_wise.acc_mean_r2.txt	0.6991207142858044	0.862836270865069	0.9457792169069702	0.9094002706448489
perbin_chr21_1.5_lps_AMR_snp_wise.acc_mean_r2.txt	0.794575804803106	0.8704624565045286	0.960914323512596	0.9259056269961108
perbin_chr21_1.5_lps_EAS_snp_wise.acc_mean_r2.txt	0.5465368331508869	0.7823727756371844	0.9512583191948961	0.9071517024347698
perbin_chr21_1.5_lps_EUR_snp_wise.acc_mean_r2.txt	0.6778821760417685	0.8339985749619897	0.9602958880809708	0.9223046804427744
perbin_chr21_1.5_lps_SAS_snp_wise.acc_mean_r2.txt	0.6090141744070032	0.8172682761163237	0.9538789438927687	0.9117533334141604
perbin_chr21_2.0_lps_AFR_snp_wise.acc_mean_r2.txt	0.7204760139472229	0.8738964377729062	0.9516369417919159	0.9175397972720063
perbin_chr21_2.0_lps_AMR_snp_wise.acc_mean_r2.txt	0.8104259288919198	0.8806684059960633	0.9648581660175332	0.932273169644551
perbin_chr21_2.0_lps_EAS_snp_wise.acc_mean_r2.txt	0.5804761809475407	0.8045578911171208	0.9573156926343473	0.9174210416967592
perbin_chr21_2.0_lps_EUR_snp_wise.acc_mean_r2.txt	0.7018498529323666	0.8482225000850039	0.964868812469792	0.9297807004221067
perbin_chr21_2.0_lps_SAS_snp_wise.acc_mean_r2.txt	0.6423392812499645	0.8339561811513788	0.9589707335075678	0.9204209304619345
perbin_chr22_0.5_lps_AFR_snp_wise.acc_mean_r2.txt	0.5531864881581045	0.750137931843899	0.8565114857203263	0.8085623311196777
perbin_chr22_0.5_lps_AMR_snp_wise.acc_mean_r2.txt	0.6505520820619942	0.7477836074623267	0.8584757830480317	0.816447450708937
perbin_chr22_0.5_lps_EAS_snp_wise.acc_mean_r2.txt	0.38150643484886576	0.6266504529473089	0.8334673205894567	0.7709301454284591
perbin_chr22_0.5_lps_EUR_snp_wise.acc_mean_r2.txt	0.5040607310317098	0.6870840648307431	0.8607109738833876	0.8028853116146363
perbin_chr22_0.5_lps_SAS_snp_wise.acc_mean_r2.txt	0.4360060459825018	0.7091517621873521	0.8418748377837921	0.796538087900228
perbin_chr22_0.75_lps_AFR_snp_wise.acc_mean_r2.txt	0.5706566399280598	0.7573827586392187	0.8607858330550479	0.8141756576809441
perbin_chr22_0.75_lps_AMR_snp_wise.acc_mean_r2.txt	0.6722502287984186	0.761633463149786	0.8648100923973934	0.825635312059929
perbin_chr22_0.75_lps_EAS_snp_wise.acc_mean_r2.txt	0.4118179142668977	0.6502317132155694	0.8413771814386404	0.7835787157536246
perbin_chr22_0.75_lps_EUR_snp_wise.acc_mean_r2.txt	0.5276926386356118	0.7024612049119572	0.867670114065803	0.8126480288565197
perbin_chr22_0.75_lps_SAS_snp_wise.acc_mean_r2.txt	0.4678390048792189	0.7287480032954676	0.8480752897261329	0.807314394795993
perbin_chr22_1.0_lps_AFR_snp_wise.acc_mean_r2.txt	0.5910982327573354	0.7697569083652683	0.8719618941704054	0.8258917716000848
perbin_chr22_1.0_lps_AMR_snp_wise.acc_mean_r2.txt	0.6819229354476878	0.7710542657447328	0.8704173128071567	0.832690498404351
perbin_chr22_1.0_lps_EAS_snp_wise.acc_mean_r2.txt	0.4385128936312925	0.6694742565526147	0.8507676384190422	0.7959482414009632
perbin_chr22_1.0_lps_EUR_snp_wise.acc_mean_r2.txt	0.5536111115886998	0.719385428704347	0.879579547831981	0.8262276159185586
perbin_chr22_1.0_lps_SAS_snp_wise.acc_mean_r2.txt	0.49577512188763523	0.7445958850308251	0.8561741216573181	0.8180602173219053
perbin_chr22_1.25_lps_AFR_snp_wise.acc_mean_r2.txt	0.6064187103965379	0.7813665265736379	0.880728477788774	0.8359398871417856
perbin_chr22_1.25_lps_AMR_snp_wise.acc_mean_r2.txt	0.6958190444849579	0.7817203883911128	0.8784274528603274	0.8417090793750808
perbin_chr22_1.25_lps_EAS_snp_wise.acc_mean_r2.txt	0.4607727873226686	0.6908351327985703	0.8628964193573911	0.8108686184404278
perbin_chr22_1.25_lps_EUR_snp_wise.acc_mean_r2.txt	0.5706189775885213	0.7306552657481201	0.885028389252099	0.8336151137879446
perbin_chr22_1.25_lps_SAS_snp_wise.acc_mean_r2.txt	0.5180591086110881	0.7583469073957415	0.8659377310301634	0.8291858833280197
perbin_chr22_1.5_lps_AFR_snp_wise.acc_mean_r2.txt	0.6192696254304532	0.7869191576300304	0.8859374467227767	0.8413037658972279
perbin_chr22_1.5_lps_AMR_snp_wise.acc_mean_r2.txt	0.7096236121319451	0.7907472906657524	0.8844158063782253	0.8488511290445012
perbin_chr22_1.5_lps_EAS_snp_wise.acc_mean_r2.txt	0.48054953791073585	0.7034318454203573	0.8714162585269932	0.8206212204503881
perbin_chr22_1.5_lps_EUR_snp_wise.acc_mean_r2.txt	0.5858582609912645	0.7396798550092387	0.8897523668873242	0.8397713908103148
perbin_chr22_1.5_lps_SAS_snp_wise.acc_mean_r2.txt	0.5337144547310658	0.768055032572636	0.8706600701443332	0.8356113123885528
perbin_chr22_2.0_lps_AFR_snp_wise.acc_mean_r2.txt	0.6372194425813312	0.7957520458543424	0.8930377750023438	0.8491850663415677
perbin_chr22_2.0_lps_AMR_snp_wise.acc_mean_r2.txt	0.7243330397203522	0.8015787030413579	0.891014766437265	0.8570570944011489
perbin_chr22_2.0_lps_EAS_snp_wise.acc_mean_r2.txt	0.5090441679143316	0.7217014949790044	0.8776684615979606	0.8305072526405949
perbin_chr22_2.0_lps_EUR_snp_wise.acc_mean_r2.txt	0.6070386628488786	0.752170838816911	0.8971469731324037	0.8488633227138218
perbin_chr22_2.0_lps_SAS_snp_wise.acc_mean_r2.txt	0.5626924478166598	0.7832075908053057	0.8792887269249656	0.8464684624968668
perbin_chr2_0.5_lps_AFR_snp_wise.acc_mean_r2.txt	0.7226754673930356	0.9118262486004822	0.9614653981251181	0.9395865140799595
perbin_chr2_0.5_lps_AMR_snp_wise.acc_mean_r2.txt	0.8134660698592854	0.8995594872348129	0.9692090616905341	0.9426002920612423
perbin_chr2_0.5_lps_EAS_snp_wise.acc_mean_r2.txt	0.519496981580928	0.7955684864247652	0.9540047677968458	0.9084617118011464
perbin_chr2_0.5_lps_EUR_snp_wise.acc_mean_r2.txt	0.6606065993993515	0.8661036833305262	0.9679549354087936	0.9362562739236072
perbin_chr2_0.5_lps_SAS_snp_wise.acc_mean_r2.txt	0.5927372766759891	0.840108775329233	0.961706348711904	0.9220189848905387
perbin_chr2_0.75_lps_AFR_snp_wise.acc_mean_r2.txt	0.7450512714586707	0.9233407893917651	0.9685811603163746	0.9486410759455045
perbin_chr2_0.75_lps_AMR_snp_wise.acc_mean_r2.txt	0.8318254511550187	0.9122126800581672	0.9750716616827222	0.9510571551440927
perbin_chr2_0.75_lps_EAS_snp_wise.acc_mean_r2.txt	0.5548123016587886	0.8241850918824527	0.9633527082866543	0.923348496550582
perbin_chr2_0.75_lps_EUR_snp_wise.acc_mean_r2.txt	0.687837607236349	0.8838783304265612	0.9741065368546366	0.9460252583860994
perbin_chr2_0.75_lps_SAS_snp_wise.acc_mean_r2.txt	0.6284179169818725	0.8618300928769018	0.9694837512632941	0.9343474423039358
perbin_chr2_1.0_lps_AFR_snp_wise.acc_mean_r2.txt	0.7627473877941536	0.9316308596586819	0.9732812743182153	0.9549234941891169
perbin_chr2_1.0_lps_AMR_snp_wise.acc_mean_r2.txt	0.8459457586340644	0.9210811123517658	0.978723049709922	0.9567016512428815
perbin_chr2_1.0_lps_EAS_snp_wise.acc_mean_r2.txt	0.5837153866856225	0.8444702675207599	0.9692184008812273	0.9333591193215179
perbin_chr2_1.0_lps_EUR_snp_wise.acc_mean_r2.txt	0.7112192982461608	0.8973424075621683	0.9782493211250202	0.9530690625370428
perbin_chr2_1.0_lps_SAS_snp_wise.acc_mean_r2.txt	0.6562075428277191	0.8773844529986545	0.9743071454889088	0.9426732398738543
perbin_chr2_1.25_lps_AFR_snp_wise.acc_mean_r2.txt	0.775311158166961	0.9366282183715976	0.9759434851571938	0.9586149416296773
perbin_chr2_1.25_lps_AMR_snp_wise.acc_mean_r2.txt	0.856272699355708	0.9273401121988357	0.9811006525090906	0.9605620943995758
perbin_chr2_1.25_lps_EAS_snp_wise.acc_mean_r2.txt	0.6064345097568397	0.8590537043002524	0.9729607071735248	0.9402177459954804
perbin_chr2_1.25_lps_EUR_snp_wise.acc_mean_r2.txt	0.7274689882886262	0.905929078267922	0.9805938354655117	0.957356292332892
perbin_chr2_1.25_lps_SAS_snp_wise.acc_mean_r2.txt	0.6781310453323522	0.8884364134585998	0.977256493278321	0.9482671415635902
perbin_chr2_1.5_lps_AFR_snp_wise.acc_mean_r2.txt	0.7851924307610236	0.9402966596579929	0.9777867191178785	0.9612626514893259
perbin_chr2_1.5_lps_AMR_snp_wise.acc_mean_r2.txt	0.8639990422867934	0.9316691080903028	0.982527921135573	0.9630979325029626
perbin_chr2_1.5_lps_EAS_snp_wise.acc_mean_r2.txt	0.624157304805667	0.8695316091438424	0.9754090632025736	0.9449742235489296
perbin_chr2_1.5_lps_EUR_snp_wise.acc_mean_r2.txt	0.7417999936536319	0.9123397598901016	0.982240040050861	0.9604853215439852
perbin_chr2_1.5_lps_SAS_snp_wise.acc_mean_r2.txt	0.6953690157606583	0.8965433889024741	0.979269390316151	0.952269041343239
perbin_chr2_2.0_lps_AFR_snp_wise.acc_mean_r2.txt	0.8006837579706583	0.9454669386198777	0.9803378075097935	0.9649681707552854
perbin_chr2_2.0_lps_AMR_snp_wise.acc_mean_r2.txt	0.8760181301649094	0.9376269865023693	0.9845780443376898	0.9666409658766318
perbin_chr2_2.0_lps_EAS_snp_wise.acc_mean_r2.txt	0.6533682358667002	0.8850294102248847	0.9788051955160773	0.9518490223241075
perbin_chr2_2.0_lps_EUR_snp_wise.acc_mean_r2.txt	0.761599840260745	0.9210548766727333	0.984351899654913	0.9646522802237218
perbin_chr2_2.0_lps_SAS_snp_wise.acc_mean_r2.txt	0.7214497521895631	0.907335057607936	0.9819276787593083	0.957581925701331
perbin_chr3_0.5_lps_AFR_snp_wise.acc_mean_r2.txt	0.734790072101792	0.913448080582427	0.9644690651654402	0.9421649504502038
perbin_chr3_0.5_lps_AMR_snp_wise.acc_mean_r2.txt	0.8265574846275655	0.899659594379659	0.9709654421783941	0.9440372847845115
perbin_chr3_0.5_lps_EAS_snp_wise.acc_mean_r2.txt	0.5317457807935234	0.803251578901407	0.9563490680988712	0.9126345621369721
perbin_chr3_0.5_lps_EUR_snp_wise.acc_mean_r2.txt	0.6843469140538034	0.8612423277155447	0.9691714454503165	0.9361120243734005
perbin_chr3_0.5_lps_SAS_snp_wise.acc_mean_r2.txt	0.6077148167871522	0.8439578355358675	0.9635449986661406	0.9254930712475153
perbin_chr3_0.75_lps_AFR_snp_wise.acc_mean_r2.txt	0.7569988290600163	0.9246628154907377	0.9715418649782787	0.951048420838444
perbin_chr3_0.75_lps_AMR_snp_wise.acc_mean_r2.txt	0.8445154284444872	0.9116076013841993	0.9768359456732563	0.9522029152026577
perbin_chr3_0.75_lps_EAS_snp_wise.acc_mean_r2.txt	0.5666396258311002	0.8291327895971687	0.9655463328053278	0.9265956571337925
perbin_chr3_0.75_lps_EUR_snp_wise.acc_mean_r2.txt	0.7111762038143656	0.8786461482478485	0.9754128047858	0.9457725213123919
perbin_chr3_0.75_lps_SAS_snp_wise.acc_mean_r2.txt	0.6430822557083391	0.8648825263713469	0.9711537539766463	0.9373388784191423
perbin_chr3_1.0_lps_AFR_snp_wise.acc_mean_r2.txt	0.7742233818073012	0.932687512922608	0.976099428748012	0.9571216618842113
perbin_chr3_1.0_lps_AMR_snp_wise.acc_mean_r2.txt	0.8571533843637505	0.9199299146359213	0.980318819840358	0.95751336987531
perbin_chr3_1.0_lps_EAS_snp_wise.acc_mean_r2.txt	0.5962328016029513	0.8481791135845348	0.9712206528514526	0.9360881361130007
perbin_chr3_1.0_lps_EUR_snp_wise.acc_mean_r2.txt	0.7330916400609485	0.8918087500015333	0.9795627489862546	0.9526831036735933
perbin_chr3_1.0_lps_SAS_snp_wise.acc_mean_r2.txt	0.671278540107947	0.8795052833648918	0.9758678605724428	0.9452058589178083
perbin_chr3_1.25_lps_AFR_snp_wise.acc_mean_r2.txt	0.7870471747674226	0.9375733208414601	0.9787102472212069	0.9607270049826473
perbin_chr3_1.25_lps_AMR_snp_wise.acc_mean_r2.txt	0.8673226652553917	0.9258885928426116	0.9826001004532611	0.9611833941083001
perbin_chr3_1.25_lps_EAS_snp_wise.acc_mean_r2.txt	0.6191242357827224	0.8617868823684581	0.9748484300640005	0.9425655381190935
perbin_chr3_1.25_lps_EUR_snp_wise.acc_mean_r2.txt	0.7498029542797464	0.9003207916191049	0.9818369353834346	0.9568679874495339
perbin_chr3_1.25_lps_SAS_snp_wise.acc_mean_r2.txt	0.692442815514237	0.8897452121785059	0.9787953045800868	0.9504600923048732
perbin_chr3_1.5_lps_AFR_snp_wise.acc_mean_r2.txt	0.7963685994239609	0.9410368800359482	0.9804515156639811	0.963221182660968
perbin_chr3_1.5_lps_AMR_snp_wise.acc_mean_r2.txt	0.8747618912882257	0.929659588603712	0.9840747916945767	0.9635252687776514
perbin_chr3_1.5_lps_EAS_snp_wise.acc_mean_r2.txt	0.635440169829561	0.8714546019638678	0.9771609418810321	0.9469782102716362
perbin_chr3_1.5_lps_EUR_snp_wise.acc_mean_r2.txt	0.7619514735800862	0.9063285232054212	0.983465650011941	0.9598380246844841
perbin_chr3_1.5_lps_SAS_snp_wise.acc_mean_r2.txt	0.7091872363942102	0.8973117378337215	0.9807220288958317	0.9541813680223534
perbin_chr3_2.0_lps_AFR_snp_wise.acc_mean_r2.txt	0.8116803706656722	0.9460635372834605	0.9828781280141216	0.966784419482975
perbin_chr3_2.0_lps_AMR_snp_wise.acc_mean_r2.txt	0.8859147209775723	0.935237923295975	0.9860209454488036	0.9668430903964625
perbin_chr3_2.0_lps_EAS_snp_wise.acc_mean_r2.txt	0.6645874845154075	0.8857208241291021	0.9804243350868149	0.9533832829044765
perbin_chr3_2.0_lps_EUR_snp_wise.acc_mean_r2.txt	0.7822082960211708	0.9148478342621137	0.9855625595750996	0.9639021594020403
perbin_chr3_2.0_lps_SAS_snp_wise.acc_mean_r2.txt	0.7353512375609187	0.9078811079060166	0.9832823323765599	0.9592901090833034
perbin_chr4_0.5_lps_AFR_snp_wise.acc_mean_r2.txt	0.7532587195555347	0.9267198279518296	0.9681626705064144	0.9503047433080161
perbin_chr4_0.5_lps_AMR_snp_wise.acc_mean_r2.txt	0.8391574527289177	0.9160855355348206	0.974323315690156	0.9530015373596918
perbin_chr4_0.5_lps_EAS_snp_wise.acc_mean_r2.txt	0.5520858029327945	0.8227215489616878	0.9618193402370978	0.9248656658049863
perbin_chr4_0.5_lps_EUR_snp_wise.acc_mean_r2.txt	0.6961253398566553	0.8861565728285532	0.9726285338419445	0.9463528193719499
perbin_chr4_0.5_lps_SAS_snp_wise.acc_mean_r2.txt	0.6207746633275045	0.8666974326415867	0.9671072877941735	0.9353675484689986
perbin_chr4_0.75_lps_AFR_snp_wise.acc_mean_r2.txt	0.7750807926181007	0.9374384846515812	0.9746485795703592	0.9586145644028469
perbin_chr4_0.75_lps_AMR_snp_wise.acc_mean_r2.txt	0.8572805096605748	0.9280047070975476	0.9796554198975354	0.9607452717772875
perbin_chr4_0.75_lps_EAS_snp_wise.acc_mean_r2.txt	0.5896107540035225	0.8490560405512699	0.9700243756644872	0.9378870970536615
perbin_chr4_0.75_lps_EUR_snp_wise.acc_mean_r2.txt	0.7236313927270613	0.9033517908649579	0.9783597900944301	0.9555675607102254
perbin_chr4_0.75_lps_SAS_snp_wise.acc_mean_r2.txt	0.6578249531932832	0.8870147120551244	0.9742284861853414	0.9466600522676627
perbin_chr4_1.0_lps_AFR_snp_wise.acc_mean_r2.txt	0.7928358369143699	0.9449763562372243	0.978861259273618	0.964260085844172
perbin_chr4_1.0_lps_AMR_snp_wise.acc_mean_r2.txt	0.8698780594878347	0.9360384314091529	0.9827897467829319	0.9656733460479013
perbin_chr4_1.0_lps_EAS_snp_wise.acc_mean_r2.txt	0.6192460661799086	0.8686515943113976	0.9751491073210301	0.9468562466831832
perbin_chr4_1.0_lps_EUR_snp_wise.acc_mean_r2.txt	0.7468348146242954	0.9162178118479274	0.982024016939669	0.9620278813706294
perbin_chr4_1.0_lps_SAS_snp_wise.acc_mean_r2.txt	0.6860451489659338	0.9007772688967345	0.978503949547687	0.9539344032743323
perbin_chr4_1.25_lps_AFR_snp_wise.acc_mean_r2.txt	0.8050994140150733	0.9495071692118129	0.9811649273816903	0.9675234417640582
perbin_chr4_1.25_lps_AMR_snp_wise.acc_mean_r2.txt	0.8798740088703041	0.9416363602931165	0.9848108704339611	0.9690039950294714
perbin_chr4_1.25_lps_EAS_snp_wise.acc_mean_r2.txt	0.6416939967733322	0.8823911834461357	0.9783381307234588	0.9528482058301087
perbin_chr4_1.25_lps_EUR_snp_wise.acc_mean_r2.txt	0.7624522940757019	0.9242690636424712	0.9840995722090424	0.9659192355858646
perbin_chr4_1.25_lps_SAS_snp_wise.acc_mean_r2.txt	0.7076735389198031	0.910873823643905	0.9811854763646258	0.958959834016207
perbin_chr4_1.5_lps_AFR_snp_wise.acc_mean_r2.txt	0.8143356703330424	0.9528415827953842	0.9827736962508148	0.9698757995325271
perbin_chr4_1.5_lps_AMR_snp_wise.acc_mean_r2.txt	0.8869197787747595	0.945723250055352	0.9861370303384795	0.9713409020795628
perbin_chr4_1.5_lps_EAS_snp_wise.acc_mean_r2.txt	0.6592314184736127	0.8922515316255504	0.980383923668689	0.9569700671823775
perbin_chr4_1.5_lps_EUR_snp_wise.acc_mean_r2.txt	0.7760110933292113	0.93014461198958	0.9855059587795102	0.96868363945335
perbin_chr4_1.5_lps_SAS_snp_wise.acc_mean_r2.txt	0.7244631176577101	0.9177721490201836	0.9829755548350915	0.9623646387000782
perbin_chr4_2.0_lps_AFR_snp_wise.acc_mean_r2.txt	0.8293138885221614	0.9575266939696917	0.9849168024960658	0.9731142683582114
perbin_chr4_2.0_lps_AMR_snp_wise.acc_mean_r2.txt	0.8981709935616974	0.9510318181906589	0.9878335906049933	0.9743598759219528
perbin_chr4_2.0_lps_EAS_snp_wise.acc_mean_r2.txt	0.6880670252781629	0.9066155629003992	0.9832166018465311	0.9628662438112112
perbin_chr4_2.0_lps_EUR_snp_wise.acc_mean_r2.txt	0.7963283468119308	0.938279942972721	0.987381717428936	0.9724614566824287
perbin_chr4_2.0_lps_SAS_snp_wise.acc_mean_r2.txt	0.7506728872391616	0.9277704163538121	0.9852485813203758	0.967079627982521
perbin_chr5_0.5_lps_AFR_snp_wise.acc_mean_r2.txt	0.7403690649583037	0.9197075410071761	0.9649048194588812	0.9448346092040175
perbin_chr5_0.5_lps_AMR_snp_wise.acc_mean_r2.txt	0.8333414248384091	0.9080326174563403	0.972036753905891	0.9477519902994652
perbin_chr5_0.5_lps_EAS_snp_wise.acc_mean_r2.txt	0.5349282809707235	0.8129173682154155	0.958119017423291	0.9178394689615578
perbin_chr5_0.5_lps_EUR_snp_wise.acc_mean_r2.txt	0.6847008205078565	0.8737499618890088	0.9705074969158237	0.9407445526153166
perbin_chr5_0.5_lps_SAS_snp_wise.acc_mean_r2.txt	0.6106295092473563	0.8529429272671607	0.9647408380094656	0.9287514271280841
perbin_chr5_0.75_lps_AFR_snp_wise.acc_mean_r2.txt	0.7623462713053276	0.931062290571708	0.9720177517731659	0.9538311541381667
perbin_chr5_0.75_lps_AMR_snp_wise.acc_mean_r2.txt	0.8514552236805397	0.9205103379680071	0.977936175303053	0.9561473822352506
perbin_chr5_0.75_lps_EAS_snp_wise.acc_mean_r2.txt	0.571604496278576	0.8406823351086337	0.967223520297051	0.9321204630727841
perbin_chr5_0.75_lps_EUR_snp_wise.acc_mean_r2.txt	0.7120545140642673	0.8912024150658062	0.9766225483561969	0.9503470270899803
perbin_chr5_0.75_lps_SAS_snp_wise.acc_mean_r2.txt	0.6470410016974999	0.8741801050831857	0.9724474422995947	0.9408137243542529
perbin_chr5_1.0_lps_AFR_snp_wise.acc_mean_r2.txt	0.7803136843187846	0.9388713359053006	0.9766032793548166	0.9598481103645956
perbin_chr5_1.0_lps_AMR_snp_wise.acc_mean_r2.txt	0.8645808703066099	0.9284649893324859	0.9813637809831833	0.9612926618092633
perbin_chr5_1.0_lps_EAS_snp_wise.acc_mean_r2.txt	0.6017566425180267	0.8604053562504027	0.9729446125651026	0.9417257493269467
perbin_chr5_1.0_lps_EUR_snp_wise.acc_mean_r2.txt	0.7357048452441758	0.9047225304711517	0.9806454198421117	0.9572912828557244
perbin_chr5_1.0_lps_SAS_snp_wise.acc_mean_r2.txt	0.67509162707668	0.8886572646859932	0.9770614362028234	0.9486028180477757
perbin_chr5_1.25_lps_AFR_snp_wise.acc_mean_r2.txt	0.7926712275839412	0.9438120278830284	0.979209312577554	0.9634908673390977
perbin_chr5_1.25_lps_AMR_snp_wise.acc_mean_r2.txt	0.8741025843917382	0.9342945753871386	0.9835309489954239	0.9648494424515873
perbin_chr5_1.25_lps_EAS_snp_wise.acc_mean_r2.txt	0.6244508651292672	0.874452601755826	0.9764965306483979	0.9481891153987984
perbin_chr5_1.25_lps_EUR_snp_wise.acc_mean_r2.txt	0.7516808245962124	0.913125685836109	0.9829855798587968	0.9614964407022408
perbin_chr5_1.25_lps_SAS_snp_wise.acc_mean_r2.txt	0.696740396127595	0.8989701131110573	0.9799486825080549	0.9538804761590772
perbin_chr5_1.5_lps_AFR_snp_wise.acc_mean_r2.txt	0.8022415620872124	0.9473479253828385	0.9810049167890509	0.9660592625990407
perbin_chr5_1.5_lps_AMR_snp_wise.acc_mean_r2.txt	0.8814510028582881	0.93824267063928	0.9850587883014512	0.9672955871481542
perbin_chr5_1.5_lps_EAS_snp_wise.acc_mean_r2.txt	0.6420398433261217	0.8845607168335836	0.978811395430731	0.9526658606050904
perbin_chr5_1.5_lps_EUR_snp_wise.acc_mean_r2.txt	0.7647057220567869	0.9194009097698956	0.9844980870418019	0.9644739756304577
perbin_chr5_1.5_lps_SAS_snp_wise.acc_mean_r2.txt	0.7138421451492596	0.9064174421304779	0.9819120700145354	0.9576092260327811
perbin_chr5_2.0_lps_AFR_snp_wise.acc_mean_r2.txt	0.8175186609487756	0.9522386526391202	0.9833852728682996	0.9695543689257983
perbin_chr5_2.0_lps_AMR_snp_wise.acc_mean_r2.txt	0.8923678649968076	0.9435776170643214	0.9869432850297308	0.9704892704363957
perbin_chr5_2.0_lps_EAS_snp_wise.acc_mean_r2.txt	0.6709128486962983	0.8993523881476715	0.9819773174163614	0.9590568143726196
perbin_chr5_2.0_lps_EUR_snp_wise.acc_mean_r2.txt	0.7848208422467143	0.9279932906940777	0.9865193943786896	0.9685165673781045
perbin_chr5_2.0_lps_SAS_snp_wise.acc_mean_r2.txt	0.7401189504514848	0.9170292753526108	0.9844407491555565	0.9627399927397601
perbin_chr6_0.5_lps_AFR_snp_wise.acc_mean_r2.txt	0.7598921465504654	0.9249302192236344	0.9627807684633042	0.9465765455820194
perbin_chr6_0.5_lps_AMR_snp_wise.acc_mean_r2.txt	0.8405415472032478	0.9114312326596388	0.9681409128033504	0.9479107783076102
perbin_chr6_0.5_lps_EAS_snp_wise.acc_mean_r2.txt	0.5788082367700231	0.830409890221422	0.9564228996674093	0.9220601293258326
perbin_chr6_0.5_lps_EUR_snp_wise.acc_mean_r2.txt	0.703529308210763	0.8820869702697168	0.9708383111772186	0.9443842883848914
perbin_chr6_0.5_lps_SAS_snp_wise.acc_mean_r2.txt	0.6351258231495372	0.8663753985569168	0.9624320161744591	0.9324474027813708
perbin_chr6_0.75_lps_AFR_snp_wise.acc_mean_r2.txt	0.7817481917386757	0.935987477264994	0.9696548417861599	0.9552414847943769
perbin_chr6_0.75_lps_AMR_snp_wise.acc_mean_r2.txt	0.8588389271465726	0.9236800506520543	0.9738585887308263	0.9559583189433638
perbin_chr6_0.75_lps_EAS_snp_wise.acc_mean_r2.txt	0.6134656642162045	0.854180441510853	0.9644322158585779	0.9343674120869795
perbin_chr6_0.75_lps_EUR_snp_wise.acc_mean_r2.txt	0.729743837169921	0.8978104120505251	0.976347538269077	0.9529380561611418
perbin_chr6_0.75_lps_SAS_snp_wise.acc_mean_r2.txt	0.6706727672995008	0.88563482983525	0.9695728654036595	0.9433711355497618
perbin_chr6_1.0_lps_AFR_snp_wise.acc_mean_r2.txt	0.7991500245569236	0.943731178559516	0.9741134335625187	0.9611064669109308
perbin_chr6_1.0_lps_AMR_snp_wise.acc_mean_r2.txt	0.8719472938771028	0.9311613486446928	0.9770563645905	0.960684162474125
perbin_chr6_1.0_lps_EAS_snp_wise.acc_mean_r2.txt	0.6415398747730261	0.8718209754405333	0.969538884881895	0.9428919688598487
perbin_chr6_1.0_lps_EUR_snp_wise.acc_mean_r2.txt	0.7522493194069247	0.9101461976528807	0.980094175666604	0.9592448523129357
perbin_chr6_1.0_lps_SAS_snp_wise.acc_mean_r2.txt	0.6975060330477666	0.8989859389379322	0.9739033347916923	0.9505174483550498
perbin_chr6_1.25_lps_AFR_snp_wise.acc_mean_r2.txt	0.8108146164083624	0.9483377586129075	0.9766648755063089	0.9645377353473021
perbin_chr6_1.25_lps_AMR_snp_wise.acc_mean_r2.txt	0.8820920931123727	0.9368213379625296	0.979284177966465	0.9641363414388429
perbin_chr6_1.25_lps_EAS_snp_wise.acc_mean_r2.txt	0.6635702110284727	0.8843769355174309	0.9729150236452254	0.9487713736983385
perbin_chr6_1.25_lps_EUR_snp_wise.acc_mean_r2.txt	0.7685771658061655	0.9177257552433775	0.9822147296926482	0.9629925660330274
perbin_chr6_1.25_lps_SAS_snp_wise.acc_mean_r2.txt	0.7190652218957797	0.9085867699130445	0.976562862650296	0.9553437430180116
perbin_chr6_1.5_lps_AFR_snp_wise.acc_mean_r2.txt	0.8202793208587423	0.95156698690938	0.9783705943686652	0.9668956848094267
perbin_chr6_1.5_lps_AMR_snp_wise.acc_mean_r2.txt	0.8892861827694349	0.9405816139458663	0.9807408967972608	0.966414811880588
perbin_chr6_1.5_lps_EAS_snp_wise.acc_mean_r2.txt	0.6799341846734988	0.8932300727724372	0.9751073335895453	0.9527800395900983
perbin_chr6_1.5_lps_EUR_snp_wise.acc_mean_r2.txt	0.7806247892703929	0.9235847141579607	0.9837511743700268	0.9658174181753746
perbin_chr6_1.5_lps_SAS_snp_wise.acc_mean_r2.txt	0.7352942378391415	0.9152115339201836	0.9784146741993882	0.9586854585190415
perbin_chr6_2.0_lps_AFR_snp_wise.acc_mean_r2.txt	0.8348825733148183	0.9562225129092237	0.9808325078739389	0.9702967071649342
perbin_chr6_2.0_lps_AMR_snp_wise.acc_mean_r2.txt	0.9001602015239815	0.9459289327979984	0.9827343885087312	0.969604719688201
perbin_chr6_2.0_lps_EAS_snp_wise.acc_mean_r2.txt	0.7073245621989196	0.9057631302293188	0.9781496380500271	0.9584103987841172
perbin_chr6_2.0_lps_EUR_snp_wise.acc_mean_r2.txt	0.8004222005175089	0.9313065694970333	0.9856621074784017	0.9694604070201865
perbin_chr6_2.0_lps_SAS_snp_wise.acc_mean_r2.txt	0.7603500201453575	0.9245512867093094	0.9809235365088257	0.963326621707316
perbin_chr7_0.5_lps_AFR_snp_wise.acc_mean_r2.txt	0.7162600978194795	0.9056100950780985	0.9575017413462131	0.9345659673303122
perbin_chr7_0.5_lps_AMR_snp_wise.acc_mean_r2.txt	0.8122768305394211	0.8897545311307256	0.9663371248324097	0.9385557426798159
perbin_chr7_0.5_lps_EAS_snp_wise.acc_mean_r2.txt	0.500801425936085	0.7824579445074543	0.9507031476441132	0.9061747095721081
perbin_chr7_0.5_lps_EUR_snp_wise.acc_mean_r2.txt	0.6590093291229332	0.8552238474946923	0.9642839284086329	0.9310188127503565
perbin_chr7_0.5_lps_SAS_snp_wise.acc_mean_r2.txt	0.576283967935122	0.8348925416855174	0.9582241337516273	0.9189000726144693
perbin_chr7_0.75_lps_AFR_snp_wise.acc_mean_r2.txt	0.7390258439295166	0.9176576046923468	0.9650331020700247	0.9440934368273552
perbin_chr7_0.75_lps_AMR_snp_wise.acc_mean_r2.txt	0.8321955986624346	0.9029542755165603	0.9725505707290389	0.9473035638016661
perbin_chr7_0.75_lps_EAS_snp_wise.acc_mean_r2.txt	0.5374046058772616	0.8113945606811034	0.9602093261281255	0.9208234242190818
perbin_chr7_0.75_lps_EUR_snp_wise.acc_mean_r2.txt	0.6866898715122147	0.8735896110739779	0.9708460143230123	0.941181214191972
perbin_chr7_0.75_lps_SAS_snp_wise.acc_mean_r2.txt	0.6127827346678896	0.856740255800084	0.966396279975243	0.9314326495989305
perbin_chr7_1.0_lps_AFR_snp_wise.acc_mean_r2.txt	0.7575906285617635	0.9262054075411135	0.97013922353856	0.9507207593378433
perbin_chr7_1.0_lps_AMR_snp_wise.acc_mean_r2.txt	0.8459242972608082	0.9119339430669662	0.9762332715043808	0.9529078116429236
perbin_chr7_1.0_lps_EAS_snp_wise.acc_mean_r2.txt	0.5665992593211177	0.8322531706800813	0.9660798630937781	0.9306607636221329
perbin_chr7_1.0_lps_EUR_snp_wise.acc_mean_r2.txt	0.7098853863868965	0.8874131346599184	0.9752617319231438	0.9484664671123236
perbin_chr7_1.0_lps_SAS_snp_wise.acc_mean_r2.txt	0.6415469538769674	0.871971310245218	0.9714049850418167	0.9397007327793645
perbin_chr7_1.25_lps_AFR_snp_wise.acc_mean_r2.txt	0.7707170200238952	0.9316589647955507	0.9730077391836136	0.954731846753856
perbin_chr7_1.25_lps_AMR_snp_wise.acc_mean_r2.txt	0.8557739515798743	0.9181044612711843	0.978758064488612	0.9567551412593601
perbin_chr7_1.25_lps_EAS_snp_wise.acc_mean_r2.txt	0.5895016774083769	0.846977970042754	0.9699389819332705	0.9373956362618306
perbin_chr7_1.25_lps_EUR_snp_wise.acc_mean_r2.txt	0.7270434437858215	0.8962570440468197	0.9777917256830891	0.9529223088253163
perbin_chr7_1.25_lps_SAS_snp_wise.acc_mean_r2.txt	0.6645741562917145	0.8829952254796652	0.9745709117520023	0.9453721653049422
perbin_chr7_1.5_lps_AFR_snp_wise.acc_mean_r2.txt	0.7813199241059133	0.9352820153031481	0.9749867722469906	0.9574375249574549
perbin_chr7_1.5_lps_AMR_snp_wise.acc_mean_r2.txt	0.8638316567223645	0.9224875386351764	0.980368390720029	0.9593713208460205
perbin_chr7_1.5_lps_EAS_snp_wise.acc_mean_r2.txt	0.6076413866125265	0.8573125267275331	0.9724490666504733	0.9419765765455448
perbin_chr7_1.5_lps_EUR_snp_wise.acc_mean_r2.txt	0.7406236984780482	0.9028424358492158	0.9795779539873642	0.9561723608081555
perbin_chr7_1.5_lps_SAS_snp_wise.acc_mean_r2.txt	0.6822100797619433	0.891011832939678	0.9767700941449037	0.9494262234451484
perbin_chr7_2.0_lps_AFR_snp_wise.acc_mean_r2.txt	0.7969865005836934	0.940811149120921	0.9777544713316466	0.9614257604396493
perbin_chr7_2.0_lps_AMR_snp_wise.acc_mean_r2.txt	0.8750938312451564	0.9286424726240278	0.9825126348461096	0.9629704975146999
perbin_chr7_2.0_lps_EAS_snp_wise.acc_mean_r2.txt	0.6383718957840767	0.8731791186265653	0.9760387426487881	0.9488155094570342
perbin_chr7_2.0_lps_EUR_snp_wise.acc_mean_r2.txt	0.7617032595509479	0.9120190504520995	0.981958896636322	0.9606260950012667
perbin_chr7_2.0_lps_SAS_snp_wise.acc_mean_r2.txt	0.7091835664038949	0.9018064915696313	0.9796227300807154	0.9548111593435656
perbin_chr8_0.5_lps_AFR_snp_wise.acc_mean_r2.txt	0.7416533171466042	0.9162847877889791	0.9620291568699411	0.9421970012498849
perbin_chr8_0.5_lps_AMR_snp_wise.acc_mean_r2.txt	0.8311930204052005	0.9130453741576308	0.9685081624494982	0.9470693147798617
perbin_chr8_0.5_lps_EAS_snp_wise.acc_mean_r2.txt	0.5380954571080009	0.8048357049389178	0.9541039026438874	0.9145780615077732
perbin_chr8_0.5_lps_EUR_snp_wise.acc_mean_r2.txt	0.683927125451627	0.8796996433260532	0.9667047710435259	0.9401440621486612
perbin_chr8_0.5_lps_SAS_snp_wise.acc_mean_r2.txt	0.6084010707611591	0.8540674951409293	0.9616522089403398	0.9271383712357779
perbin_chr8_0.75_lps_AFR_snp_wise.acc_mean_r2.txt	0.7644384216223697	0.9280978985982415	0.9692525396148544	0.9514102289321018
perbin_chr8_0.75_lps_AMR_snp_wise.acc_mean_r2.txt	0.8512549314151248	0.9266760295846	0.9755006101077768	0.9566277265653571
perbin_chr8_0.75_lps_EAS_snp_wise.acc_mean_r2.txt	0.574970262943555	0.8340167956628224	0.9639933105944506	0.9295758582529443
perbin_chr8_0.75_lps_EUR_snp_wise.acc_mean_r2.txt	0.7128110561446501	0.8974420633657537	0.9738584906613346	0.9505302738834179
perbin_chr8_0.75_lps_SAS_snp_wise.acc_mean_r2.txt	0.646085150079745	0.8761495735264226	0.9699218258795727	0.9398391107371393
perbin_chr8_1.0_lps_AFR_snp_wise.acc_mean_r2.txt	0.7824464717617694	0.9363607213727203	0.9739258200819283	0.9576397307019384
perbin_chr8_1.0_lps_AMR_snp_wise.acc_mean_r2.txt	0.8646794738135315	0.935022903410841	0.9790199701829921	0.9620131365655546
perbin_chr8_1.0_lps_EAS_snp_wise.acc_mean_r2.txt	0.6042342263237314	0.855582873537681	0.9697330306057753	0.9395063577892802
perbin_chr8_1.0_lps_EUR_snp_wise.acc_mean_r2.txt	0.735722161979992	0.9106745771331183	0.9779381945481179	0.9574041247956223
perbin_chr8_1.0_lps_SAS_snp_wise.acc_mean_r2.txt	0.673788939982712	0.8909798450972949	0.9746121581987318	0.9477823979167846
perbin_chr8_1.25_lps_AFR_snp_wise.acc_mean_r2.txt	0.7949275354994916	0.9415359894207738	0.9766820431376465	0.9614447140248495
perbin_chr8_1.25_lps_AMR_snp_wise.acc_mean_r2.txt	0.8752134843085427	0.9408781268054924	0.981556097414922	0.96583224287634
perbin_chr8_1.25_lps_EAS_snp_wise.acc_mean_r2.txt	0.627615002188369	0.870931110995513	0.9736818900766762	0.9464737437131668
perbin_chr8_1.25_lps_EUR_snp_wise.acc_mean_r2.txt	0.7522254669563516	0.9195026067233066	0.9804735000359388	0.9618604574392384
perbin_chr8_1.25_lps_SAS_snp_wise.acc_mean_r2.txt	0.6964648730893462	0.9021250335422555	0.9777314431952177	0.9534764420892768
perbin_chr8_1.5_lps_AFR_snp_wise.acc_mean_r2.txt	0.8045482601292494	0.9451792521295596	0.9785676862993872	0.9640923610152169
perbin_chr8_1.5_lps_AMR_snp_wise.acc_mean_r2.txt	0.8824039081944849	0.9448843497170661	0.9830912776895089	0.9683225916217355
perbin_chr8_1.5_lps_EAS_snp_wise.acc_mean_r2.txt	0.6453571725172276	0.8816657421106158	0.9762356352139516	0.9511937667615046
perbin_chr8_1.5_lps_EUR_snp_wise.acc_mean_r2.txt	0.7660396777909623	0.9257941831244084	0.9822627266593483	0.9650241501995916
perbin_chr8_1.5_lps_SAS_snp_wise.acc_mean_r2.txt	0.7138634498097526	0.9096629696492144	0.9798611119383722	0.9573411162571367
perbin_chr8_2.0_lps_AFR_snp_wise.acc_mean_r2.txt	0.820220159527528	0.9505732301494815	0.9811213882329705	0.9678774450506828
perbin_chr8_2.0_lps_AMR_snp_wise.acc_mean_r2.txt	0.8935726669699707	0.9505597425633722	0.9852401535894596	0.971834624008148
perbin_chr8_2.0_lps_EAS_snp_wise.acc_mean_r2.txt	0.6743388786500503	0.8973900967478633	0.9797078850908719	0.9579103429837913
perbin_chr8_2.0_lps_EUR_snp_wise.acc_mean_r2.txt	0.7865165278552211	0.9347522912065445	0.9845622722054329	0.9693564051481913
perbin_chr8_2.0_lps_SAS_snp_wise.acc_mean_r2.txt	0.7401126449767004	0.9205525770871422	0.9825747621663751	0.9626776638304714
perbin_chr9_0.5_lps_AFR_snp_wise.acc_mean_r2.txt	0.6934103522712644	0.883332504884722	0.9438446916101156	0.9168724045441705
perbin_chr9_0.5_lps_AMR_snp_wise.acc_mean_r2.txt	0.7906807578623669	0.8736921072548298	0.9540158537845282	0.9239917138163034
perbin_chr9_0.5_lps_EAS_snp_wise.acc_mean_r2.txt	0.48967367872348655	0.7626144378983021	0.9348641408833297	0.8851535515738105
perbin_chr9_0.5_lps_EUR_snp_wise.acc_mean_r2.txt	0.6411317226182007	0.8338733165861424	0.951712953549131	0.9149480567587418
perbin_chr9_0.5_lps_SAS_snp_wise.acc_mean_r2.txt	0.571173137774335	0.8164818234036789	0.9445430620525394	0.902178619538079
perbin_chr9_0.75_lps_AFR_snp_wise.acc_mean_r2.txt	0.7180987855567971	0.8980073776999926	0.9536200656293002	0.9288316475517122
perbin_chr9_0.75_lps_AMR_snp_wise.acc_mean_r2.txt	0.8129686923691077	0.8894422285818931	0.9622283055826427	0.9350216642340533
perbin_chr9_0.75_lps_EAS_snp_wise.acc_mean_r2.txt	0.527356150355642	0.7920477506647224	0.9470314286145106	0.9023037464720901
perbin_chr9_0.75_lps_EUR_snp_wise.acc_mean_r2.txt	0.6710075574845987	0.8544672964811426	0.9603033200568882	0.9272834416547714
perbin_chr9_0.75_lps_SAS_snp_wise.acc_mean_r2.txt	0.6080476086371681	0.8393554028435044	0.9550940286277975	0.9168060781872606
perbin_chr9_1.0_lps_AFR_snp_wise.acc_mean_r2.txt	0.7386854349224191	0.9087925138194004	0.9603473531163479	0.9373676526559048
perbin_chr9_1.0_lps_AMR_snp_wise.acc_mean_r2.txt	0.8280156981978708	0.8997027771052697	0.9671955645788849	0.9419674970956997
perbin_chr9_1.0_lps_EAS_snp_wise.acc_mean_r2.txt	0.5574875771577784	0.8144811895593227	0.954971185663838	0.9144263233075032
perbin_chr9_1.0_lps_EUR_snp_wise.acc_mean_r2.txt	0.695606549297781	0.8709023900484608	0.9662331800965543	0.9364908391712748
perbin_chr9_1.0_lps_SAS_snp_wise.acc_mean_r2.txt	0.6362570015162149	0.8563707100230247	0.9616831965625643	0.926844358291661
perbin_chr9_1.25_lps_AFR_snp_wise.acc_mean_r2.txt	0.7528354605280879	0.9157104291002972	0.9643352988969106	0.942661582945276
perbin_chr9_1.25_lps_AMR_snp_wise.acc_mean_r2.txt	0.8404833645613821	0.9075356976160266	0.9707423636916593	0.9471164016173176
perbin_chr9_1.25_lps_EAS_snp_wise.acc_mean_r2.txt	0.5809542656453432	0.8314043744929074	0.960095168089302	0.9229555093408484
perbin_chr9_1.25_lps_EUR_snp_wise.acc_mean_r2.txt	0.7136519180312074	0.8809447951744888	0.9696606892404359	0.9419821358006789
perbin_chr9_1.25_lps_SAS_snp_wise.acc_mean_r2.txt	0.6605456634568835	0.8681693100338003	0.9658821406333447	0.9335573744626058
perbin_chr9_1.5_lps_AFR_snp_wise.acc_mean_r2.txt	0.7643814059924465	0.9204959690225062	0.9670753491855046	0.946313375753416
perbin_chr9_1.5_lps_AMR_snp_wise.acc_mean_r2.txt	0.8491926815665541	0.9129347275538686	0.9730081413839132	0.9505533548092421
perbin_chr9_1.5_lps_EAS_snp_wise.acc_mean_r2.txt	0.6005323867095423	0.8428243665184147	0.9635700610330125	0.9287233267461642
perbin_chr9_1.5_lps_EUR_snp_wise.acc_mean_r2.txt	0.7273816472311655	0.8886272635153146	0.9721114932180169	0.9460651715579371
perbin_chr9_1.5_lps_SAS_snp_wise.acc_mean_r2.txt	0.6781408599025338	0.8769524579071821	0.9687997638714619	0.9384153949969664
perbin_chr9_2.0_lps_AFR_snp_wise.acc_mean_r2.txt	0.7819575223413577	0.9276675525696624	0.9709493500925964	0.9516572185288097
perbin_chr9_2.0_lps_AMR_snp_wise.acc_mean_r2.txt	0.8625105359665539	0.9204426567693949	0.9760650479281265	0.9552740050588843
perbin_chr9_2.0_lps_EAS_snp_wise.acc_mean_r2.txt	0.6315507363657054	0.860523086983345	0.9683499934909231	0.9372315707997672
perbin_chr9_2.0_lps_EUR_snp_wise.acc_mean_r2.txt	0.749676579956409	0.8996310849098395	0.9755631878863391	0.9518730611942058
perbin_chr9_2.0_lps_SAS_snp_wise.acc_mean_r2.txt	0.7065297084062401	0.889515693959036	0.9727233669230526	0.9451971090542555
